12
Halfmann-pt-1_0|2020-12-27   0.0000000 0.0000010 0.0267714 0.0000010 0.1221044 1.0088828 2.0690987 0.4713493 0.5798087 0.5795966 0.6240973 0.6243168 
Halfmann-pt-1_11|2021-01-07  0.0000010 0.0000000 0.0267591 0.0000010 0.1220407 0.9651332 2.0684003 0.4710612 0.5794360 0.5792242 0.6237013 0.6239206 
Halfmann-pt-1_18|2021-01-14  0.0267714 0.0267591 0.0000000 0.0359240 0.0901248 0.9644498 2.0687337 0.4289979 0.5345317 0.5343348 0.5792242 0.5794314 
Halfmann-pt-1_46|2021-02-11  0.0000010 0.0000010 0.0359240 0.0000000 0.0749845 1.1921982 2.6891507 0.6483616 0.8271084 0.8271084 0.8859807 0.8868260 
Halfmann-pt-1_85|2021-03-22  0.1221044 0.1220407 0.0901248 0.0749845 0.0000000 0.8013358 2.4068350 0.5392596 0.6202865 0.6724891 0.6729898 0.7245366 
Halfmann-pt-1_184|2021-06-29 1.0088828 0.9651332 0.9644498 1.1921982 0.8013358 0.0000000 8.9999988 1.4830874 1.6066285 1.6066285 1.6060327 1.6066917 
Halfmann-pt-1_220|2021-08-04 2.0690987 2.0684003 2.0687337 2.6891507 2.4068350 8.9999988 0.0000000 2.2583046 2.1542907 2.1269355 2.1266180 2.1021160 
Halfmann-pt-1_275|2021-09-28 0.4713493 0.4710612 0.4289979 0.6483616 0.5392596 1.4830874 2.2583046 0.0000000 0.0523231 0.0523090 0.0795644 0.0795850 
Halfmann-pt-1_302|2021-10-25 0.5798087 0.5794360 0.5345317 0.8271084 0.6202865 1.6066285 2.1542907 0.0523231 0.0000000 0.0000010 0.0253931 0.0254061 
Halfmann-pt-1_304|2021-10-27 0.5795966 0.5792242 0.5343348 0.8271084 0.6724891 1.6066285 2.1269355 0.0523090 0.0000010 0.0000000 0.0253931 0.0253995 
Halfmann-pt-1_369|2021-12-31 0.6240973 0.6237013 0.5792242 0.8859807 0.6729898 1.6060327 2.1266180 0.0795644 0.0253931 0.0253931 0.0000000 0.0000010 
Halfmann-pt-1_373|2022-01-04 0.6243168 0.6239206 0.5794314 0.8868260 0.7245366 1.6066917 2.1021160 0.0795850 0.0254061 0.0253995 0.0000010 0.0000000 
