8
Jensen-pt-2|2020-01-01 0.0000000 0.0008330 0.0008330 0.0008330 9.0000000 0.0007038 0.0005498 0.0007615 
Jensen-pt-2|2020-01-12 0.0008330 0.0000000 0.0000010 0.0000010 0.0000010 0.0000010 0.0001691 0.0000010 
Jensen-pt-2|2020-01-16 0.0008330 0.0000010 0.0000000 0.0000010 0.0000010 0.0000010 0.0001620 0.0000010 
Jensen-pt-2|2020-01-20 0.0008330 0.0000010 0.0000010 0.0000000 0.0000010 0.0000010 0.0001620 0.0000010 
Jensen-pt-2|2020-01-21 9.0000000 0.0000010 0.0000010 0.0000010 0.0000000 0.0000010 0.0005917 0.0000010 
Jensen-pt-2|2020-01-23 0.0007038 0.0000010 0.0000010 0.0000010 0.0000010 0.0000000 0.0001621 0.0000010 
Jensen-pt-2|2020-01-07 0.0005498 0.0001691 0.0001620 0.0001620 0.0005917 0.0001621 0.0000000 0.0001691 
Jensen-pt-2|2020-01-09 0.0007615 0.0000010 0.0000010 0.0000010 0.0000010 0.0000010 0.0001691 0.0000000 
