11
Li-pt-1_0|2020-02-12   0.0000000 3.6420823 7.4399341 4.5468304 4.5468304 8.9999985 8.4953051 2.6259662 4.7163419 3.2781320 3.6727323 
Li-pt-1_101|2020-05-24 3.6420823 0.0000000 3.1263228 3.9590998 3.9590998 8.9999982 8.9999981 2.8441708 8.9999981 3.1259833 8.9999989 
Li-pt-1_102|2020-05-25 7.4399341 3.1263228 0.0000000 3.6740185 3.6740185 8.9999981 8.9999986 2.8363147 3.7845587 3.0417158 3.1344285 
Li-pt-1_103|2020-05-26 4.5468304 3.9590998 3.6740185 0.0000000 0.0000010 2.8629869 2.5687724 1.8915324 6.0765352 4.7900540 3.3065136 
Li-pt-1_106|2020-05-29 4.5468304 3.9590998 3.6740185 0.0000010 0.0000000 2.8629869 2.5687724 1.8915324 6.0765352 4.7900540 3.3065136 
Li-pt-1_108|2020-05-31 8.9999985 8.9999982 8.9999981 2.8629869 2.8629869 0.0000000 7.4044084 2.7318481 3.4209863 8.9999986 8.9999983 
Li-pt-1_120|2020-06-12 8.4953051 8.9999981 8.9999986 2.5687724 2.5687724 7.4044084 0.0000000 2.2245317 3.1100162 7.7859494 4.3933711 
Li-pt-1_125|2020-06-17 2.6259662 2.8441708 2.8363147 1.8915324 1.8915324 2.7318481 2.2245317 0.0000000 2.2855725 3.5530775 2.6434947 
Li-pt-1_140|2020-07-02 4.7163419 8.9999981 3.7845587 6.0765352 6.0765352 3.4209863 3.1100162 2.2855725 0.0000000 8.9999989 4.1088790 
Li-pt-1_95|2020-05-17  3.2781320 3.1259833 3.0417158 4.7900540 4.7900540 8.9999986 7.7859494 3.5530775 8.9999989 0.0000000 3.1340843 
Li-pt-1_97|2020-05-20  3.6727323 8.9999989 3.1344285 3.3065136 3.3065136 8.9999983 4.3933711 2.6434947 4.1088790 3.1340843 0.0000000 
