10
Perez-Lago-pt-2_0|2020-04-16   0.0000000 0.3137421 0.0000028 0.0000029 0.0015007 0.0000021 0.0048257 0.0000030 0.0175810 0.0131131 
Perez-Lago-pt-2_117|2020-08-11 0.3137421 0.0000000 0.3374118 0.2119588 0.3572196 0.2372927 0.6324692 0.0684296 0.3309773 0.0234274 
Perez-Lago-pt-2_11|2020-04-27  0.0000028 0.3374118 0.0000000 0.0000027 0.0015125 0.0000024 0.0016204 0.0000021 0.0176837 0.0110270 
Perez-Lago-pt-2_23|2020-05-09  0.0000029 0.2119588 0.0000027 0.0000000 0.0015266 0.0000028 0.0000029 0.0000027 0.0080866 0.0022167 
Perez-Lago-pt-2_40|2020-05-28  0.0015007 0.3572196 0.0015125 0.0015266 0.0000000 0.0021225 0.0048496 0.0021680 0.0192952 0.0154254 
Perez-Lago-pt-2_55|2020-06-10  0.0000021 0.2372927 0.0000024 0.0000028 0.0021225 0.0000000 0.0000021 0.0000029 0.0085812 0.0000021 
Perez-Lago-pt-2_74|2020-06-29  0.0048257 0.6324692 0.0016204 0.0000029 0.0048496 0.0000021 0.0000000 0.0000030 0.0240172 0.0206267 
Perez-Lago-pt-2_81|2020-07-06  0.0000030 0.0684296 0.0000021 0.0000027 0.0021680 0.0000029 0.0000030 0.0000000 0.0087937 0.0000029 
Perez-Lago-pt-2_88|2020-07-13  0.0175810 0.3309773 0.0176837 0.0080866 0.0192952 0.0085812 0.0240172 0.0087937 0.0000000 0.0000023 
Perez-Lago-pt-2_95|2020-07-20  0.0131131 0.0234274 0.0110270 0.0022167 0.0154254 0.0000021 0.0206267 0.0000029 0.0000023 0.0000000 
