12
Halfmann-pt-1_0|2020-12-27   0.0000000 0.0000010 0.0266391 0.0000010 0.1214488 1.0023518 2.0670674 0.4679774 0.5753634 0.5751533 0.6193701 0.6195877 
Halfmann-pt-1_11|2021-01-07  0.0000010 0.0000000 0.0266269 0.0000010 0.1213855 0.9583640 2.0663644 0.4676919 0.5749942 0.5747845 0.6189776 0.6191950 
Halfmann-pt-1_18|2021-01-14  0.0266391 0.0266269 0.0000000 0.0357455 0.0896493 0.9576855 2.0666919 0.4259426 0.5304146 0.5302194 0.5747845 0.5749896 
Halfmann-pt-1_46|2021-02-11  0.0000010 0.0000010 0.0357455 0.0000000 0.0745891 1.1851144 2.6891396 0.6431441 0.8200146 0.8200146 0.8788261 0.8796661 
Halfmann-pt-1_85|2021-03-22  0.1214488 0.1213855 0.0896493 0.0745891 0.0000000 0.7956206 2.4046109 0.5349642 0.6148434 0.6666487 0.6671406 0.7183690 
Halfmann-pt-1_184|2021-06-29 1.0023518 0.9583640 0.9576855 1.1851144 0.7956206 0.0000000 8.9999987 1.4766059 1.6003487 1.6003487 1.6002681 1.6009313 
Halfmann-pt-1_220|2021-08-04 2.0670674 2.0663644 2.0666919 2.6891396 2.4046109 8.9999987 0.0000000 2.2571115 2.1531913 2.1259910 2.1256768 2.1013152 
Halfmann-pt-1_275|2021-09-28 0.4679774 0.4676919 0.4259426 0.6431441 0.5349642 1.4766059 2.2571115 0.0000000 0.0520538 0.0520397 0.0791478 0.0791686 
Halfmann-pt-1_302|2021-10-25 0.5753634 0.5749942 0.5304146 0.8200146 0.6148434 1.6003487 2.1531913 0.0520538 0.0000000 0.0000010 0.0252677 0.0252798 
Halfmann-pt-1_304|2021-10-27 0.5751533 0.5747845 0.5302194 0.8200146 0.6666487 1.6003487 2.1259910 0.0520397 0.0000010 0.0000000 0.0252677 0.0252740 
Halfmann-pt-1_369|2021-12-31 0.6193701 0.6189776 0.5747845 0.8788261 0.6671406 1.6002681 2.1256768 0.0791478 0.0252677 0.0252677 0.0000000 0.0000010 
Halfmann-pt-1_373|2022-01-04 0.6195877 0.6191950 0.5749896 0.8796661 0.7183690 1.6009313 2.1013152 0.0791686 0.0252798 0.0252740 0.0000010 0.0000000 
