9
Choi-pt-1|2020-04-28 0.0000000 0.0000010 0.2273353 0.2273353 0.4129068 0.4129068 0.3338941 0.9121401 0.3317156 
Choi-pt-1|2020-05-05 0.0000010 0.0000000 0.2273353 0.2273353 0.4129068 0.4129068 0.3338941 0.9121401 0.3317156 
Choi-pt-1|2020-06-24 0.2273353 0.2273353 0.0000000 0.0000010 0.2220542 0.2220542 0.1641831 0.4673856 0.2006838 
Choi-pt-1|2020-06-30 0.2273353 0.2273353 0.0000010 0.0000000 0.2220542 0.2220542 0.1641831 0.4673856 0.2006838 
Choi-pt-1|2020-08-16 0.4129068 0.4129068 0.2220542 0.2220542 0.0000000 0.0000010 0.1688933 0.3616761 0.2069874 
Choi-pt-1|2020-08-18 0.4129068 0.4129068 0.2220542 0.2220542 0.0000010 0.0000000 0.1688933 0.3616761 0.2069874 
Choi-pt-1|2020-08-31 0.3338941 0.3338941 0.1641831 0.1641831 0.1688933 0.1688933 0.0000000 0.3463171 0.1484570 
Choi-pt-1|2020-09-03 0.9121401 0.9121401 0.4673856 0.4673856 0.3616761 0.3616761 0.3463171 0.0000000 0.4534428 
Choi-pt-1|2020-09-09 0.3317156 0.3317156 0.2006838 0.2006838 0.2069874 0.2069874 0.1484570 0.4534428 0.0000000 
