21
Khatamzas-pt-1_0|2020-05-11   0.0000000 1.6412696 1.6139120 1.6524128 1.7490139 1.6134766 1.6458878 1.5237986 0.3304911 0.4125565 1.5752737 1.5125367 4.0938831 1.0289307 1.8957126 1.7779708 1.3302942 1.6658972 1.4407522 2.6399978 2.3044050 
Khatamzas-pt-1_112|2020-08-31 1.6412696 0.0000000 0.0000021 0.5115896 0.0000021 0.8122359 1.0480938 1.5436450 1.5563438 1.2606915 1.6168509 1.5767248 2.3248882 0.4071917 1.0210439 0.8464583 0.2173804 0.1807819 0.2344755 4.0367802 8.9999985 
Khatamzas-pt-1_122|2020-09-10 1.6139120 0.0000021 0.0000000 0.8104887 0.0000024 1.0567949 1.2531264 1.5299214 1.5389651 1.2510802 1.2039875 1.2841424 1.6042044 0.8712649 1.0179119 0.8406933 0.6368043 0.4181684 0.7384411 0.4181684 0.0000021 
Khatamzas-pt-1_129|2020-09-17 1.6524128 0.5115896 0.8104887 0.0000000 0.2301057 0.2280579 0.9547244 1.5669752 1.5817348 1.3705075 1.6391892 1.6033706 2.0663783 0.9441728 1.2938890 1.3529501 0.8845398 0.7521119 0.9396249 2.4791050 2.4628138 
Khatamzas-pt-1_136|2020-09-24 1.7490139 0.0000021 0.0000024 0.2301057 0.0000000 0.0000028 0.0000028 1.6092212 1.6377386 1.3773672 1.3535172 1.6842639 2.5798995 0.5849249 1.2522494 1.2797490 0.3392499 0.2573792 0.3812896 0.7809616 0.7863787 
Khatamzas-pt-1_147|2020-10-05 1.6134766 0.8122359 1.0567949 0.2280579 0.0000028 0.0000000 0.0000028 1.5501862 1.5606557 1.3678543 1.3520983 1.3799244 1.6153943 1.0944172 1.0138261 1.0746784 1.0828368 0.9659386 1.1265936 0.8021221 0.8037643 
Khatamzas-pt-1_149|2020-10-07 1.6458878 1.0480938 1.2531264 0.9547244 0.0000028 0.0000028 0.0000000 1.5855290 1.5981516 1.4699848 1.4684269 1.4714695 1.6516396 1.1554711 1.2738621 1.3418960 1.1133566 1.0450619 1.1401111 1.7253504 1.7219426 
Khatamzas-pt-1_15|2020-05-26  1.5237986 1.5436450 1.5299214 1.5669752 1.6092212 1.5501862 1.5855290 0.0000000 1.4357537 1.0444079 1.4362799 1.4599071 2.1175949 1.2753947 1.6685948 1.5650611 1.3654770 1.5471800 1.4171219 2.0815182 1.9719071 
Khatamzas-pt-1_22|2020-06-02  0.3304911 1.5563438 1.5389651 1.5817348 1.6377386 1.5606557 1.5981516 1.4357537 0.0000000 0.7836450 1.4040681 1.4515619 2.4740988 1.1622562 1.7198720 1.5930373 1.3124907 1.5625831 1.3951974 2.2493804 2.0779479 
Khatamzas-pt-1_28|2020-06-08  0.4125565 1.2606915 1.2510802 1.3705075 1.3773672 1.3678543 1.4699848 1.0444079 0.7836450 0.0000000 0.3519744 1.0463391 2.9899112 0.1813453 1.4267588 1.0199713 0.4523215 1.2084921 0.8895772 2.2608233 2.0210189 
Khatamzas-pt-1_36|2020-06-16  1.5752737 1.6168509 1.2039875 1.6391892 1.3535172 1.3520983 1.4684269 1.4362799 1.4040681 0.3519744 0.0000000 1.4054539 7.7190562 0.2216086 2.0299172 1.9019507 0.2098441 1.1355341 0.7242757 2.4754705 2.5407024 
Khatamzas-pt-1_45|2020-06-23  1.5125367 1.5767248 1.2841424 1.6033706 1.6842639 1.3799244 1.4714695 1.4599071 1.4515619 1.0463391 1.4054539 0.0000000 0.7845130 0.3909938 0.9408736 0.5805621 0.4511461 1.2559914 1.0002560 1.7635512 1.6920898 
Khatamzas-pt-1_49|2020-06-29  4.0938831 2.3248882 1.6042044 2.0663783 2.5798995 1.6153943 1.6516396 2.1175949 2.4740988 2.9899112 7.7190562 0.7845130 0.0000000 0.2216211 1.3715252 0.4995312 0.2686039 1.7167279 1.1215244 2.8640433 2.2554139 
Khatamzas-pt-1_56|2020-07-06  1.0289307 0.4071917 0.8712649 0.9441728 0.5849249 1.0944172 1.1554711 1.2753947 1.1622562 0.1813453 0.2216086 0.3909938 0.2216211 0.0000000 0.0000023 0.0000030 0.0000021 0.1865491 0.2437111 1.9994758 1.6898011 
Khatamzas-pt-1_57|2020-07-07  1.8957126 1.0210439 1.0179119 1.2938890 1.2522494 1.0138261 1.2738621 1.6685948 1.7198720 1.4267588 2.0299172 0.9408736 1.3715252 0.0000023 0.0000000 0.0000025 0.0000024 0.3758885 0.4897161 1.3885489 1.4306285 
Khatamzas-pt-1_59|2020-07-09  1.7779708 0.8464583 0.8406933 1.3529501 1.2797490 1.0746784 1.3418960 1.5650611 1.5930373 1.0199713 1.9019507 0.5805621 0.4995312 0.0000030 0.0000025 0.0000000 0.0000021 0.1814922 0.2355752 1.9222917 1.6577548 
Khatamzas-pt-1_63|2020-07-13  1.3302942 0.2173804 0.6368043 0.8845398 0.3392499 1.0828368 1.1133566 1.3654770 1.3124907 0.4523215 0.2098441 0.4511461 0.2686039 0.0000021 0.0000024 0.0000021 0.0000000 0.0000024 0.0000026 0.6836381 1.1892297 
Khatamzas-pt-1_66|2020-07-16  1.6658972 0.1807819 0.4181684 0.7521119 0.2573792 0.9659386 1.0450619 1.5471800 1.5625831 1.2084921 1.1355341 1.2559914 1.7167279 0.1865491 0.3758885 0.1814922 0.0000024 0.0000000 0.0000021 0.5014269 1.0187617 
Khatamzas-pt-1_73|2020-07-23  1.4407522 0.2344755 0.7384411 0.9396249 0.3812896 1.1265936 1.1401111 1.4171219 1.3951974 0.8895772 0.7242757 1.0002560 1.1215244 0.2437111 0.4897161 0.2355752 0.0000026 0.0000021 0.0000000 0.7947749 1.2587568 
Khatamzas-pt-1_78|2020-07-28  2.6399978 4.0367802 0.4181684 2.4791050 0.7809616 0.8021221 1.7253504 2.0815182 2.2493804 2.2608233 2.4754705 1.7635512 2.8640433 1.9994758 1.3885489 1.9222917 0.6836381 0.5014269 0.7947749 0.0000000 0.2973769 
Khatamzas-pt-1_92|2020-08-11  2.3044050 8.9999985 0.0000021 2.4628138 0.7863787 0.8037643 1.7219426 1.9719071 2.0779479 2.0210189 2.5407024 1.6920898 2.2554139 1.6898011 1.4306285 1.6577548 1.1892297 1.0187617 1.2587568 0.2973769 0.0000000 
