9
Harari-pt-5|2020-10-06 0.0000000 0.0009084 0.0000010 0.4241099 0.0036480 0.0082174 0.0018326 0.0091599 0.0091676 
Harari-pt-5|2020-10-18 0.0009084 0.0000000 0.0009091 0.4778997 0.0045587 0.0091284 0.0027487 0.0100733 0.0100819 
Harari-pt-5|2020-10-26 0.0000010 0.0009091 0.0000000 0.4241098 0.0018232 0.0063894 0.0018307 0.0073251 0.0073313 
Harari-pt-5|2020-11-02 0.4241099 0.4778997 0.4241098 0.0000000 0.7969505 1.6160919 1.2266269 2.0134037 2.0134037 
Harari-pt-5|2020-11-05 0.0036480 0.0045587 0.0018232 0.7969505 0.0000000 0.0045594 0.0009160 0.0054883 0.0054929 
Harari-pt-5|2020-11-15 0.0082174 0.0091284 0.0063894 1.6160919 0.0045594 0.0000000 0.0000010 0.0009099 0.0009108 
Harari-pt-5|2020-11-19 0.0018326 0.0027487 0.0018307 1.2266269 0.0009160 0.0000010 0.0000000 0.0009165 0.0009173 
Harari-pt-5|2020-12-13 0.0091599 0.0100733 0.0073251 2.0134037 0.0054883 0.0009099 0.0009165 0.0000000 0.0000010 
Harari-pt-5|2020-12-20 0.0091676 0.0100819 0.0073313 2.0134037 0.0054929 0.0009108 0.0009173 0.0000010 0.0000000 
