21
Khatamzas-pt-1_0|2020-05-11   0.0000000 1.7139373 1.6446064 1.7047890 1.8192529 1.6604521 1.6963890 1.6720230 0.3388731 0.4398980 1.9706842 1.6028065 4.8465583 1.1532348 2.0440531 1.9264455 1.4231302 1.7538410 1.4935865 2.9142194 2.4839605 
Khatamzas-pt-1_112|2020-08-31 1.7139373 0.0000000 0.0000021 0.5282829 0.0000021 0.8369876 1.0690424 1.5876936 1.6117200 1.3097718 1.7285713 1.6508498 2.5972200 0.4191283 1.1064756 0.9434789 0.2213159 0.1836969 0.2389512 4.8204541 8.9999987 
Khatamzas-pt-1_122|2020-09-10 1.6446064 0.0000021 0.0000000 0.8345175 0.0000024 1.0769810 1.2656619 1.5498721 1.5639043 1.2630465 1.2183081 1.2941082 1.6667084 0.8958779 1.0393269 0.8654534 0.6577798 0.4303341 0.7616501 0.4303341 0.0000021 
Khatamzas-pt-1_129|2020-09-17 1.7047890 0.5282829 0.8345175 0.0000000 0.2345856 0.2325478 0.9783880 1.6022561 1.6244250 1.4057056 1.7117818 1.6571112 2.2163031 0.9673938 1.3500888 1.4213265 0.9082127 0.7759368 0.9624247 2.7588413 2.7386178 
Khatamzas-pt-1_136|2020-09-24 1.8192529 0.0000021 0.0000024 0.2345856 0.0000000 0.0000028 0.0000028 1.6510348 1.6906828 1.4230516 1.4086815 1.7559106 2.8680879 0.6050590 1.3445316 1.4240452 0.3478492 0.2627920 0.3917242 0.9336110 0.9439326 
Khatamzas-pt-1_147|2020-10-05 1.6604521 0.8369876 1.0769810 0.2325478 0.0000028 0.0000000 0.0000028 1.5831410 1.5998564 1.3998698 1.3881756 1.4085092 1.6884617 1.1134177 1.0354717 1.0944002 1.1019471 0.9886694 1.1440041 0.8267581 0.8288098 
Khatamzas-pt-1_149|2020-10-07 1.6963890 1.0690424 1.2656619 0.9783880 0.0000028 0.0000028 0.0000000 1.6240394 1.6422426 1.5093344 1.5113235 1.5076788 1.7200821 1.1722658 1.3071221 1.3753786 1.1318922 1.0660937 1.1575648 1.8266166 1.8231887 
Khatamzas-pt-1_15|2020-05-26  1.6720230 1.5876936 1.5498721 1.6022561 1.6510348 1.5831410 1.6240394 0.0000000 1.5270838 1.1021510 1.5276276 1.5115923 2.2997821 1.3235356 1.7452643 1.6284561 1.4052475 1.5963622 1.4470880 2.2130099 2.0750894 
Khatamzas-pt-1_22|2020-06-02  0.3388731 1.6117200 1.5639043 1.6244250 1.6906828 1.5998564 1.6422426 1.5270838 0.0000000 0.8471344 1.5515958 1.5177010 2.7791585 1.2320763 1.8214261 1.6823828 1.3685391 1.6261773 1.4341890 2.4276767 2.2091448 
Khatamzas-pt-1_28|2020-06-08  0.4398980 1.3097718 1.2630465 1.4057056 1.4230516 1.3998698 1.5093344 1.1021510 0.8471344 0.0000000 0.3705821 1.1044882 3.6400306 0.1842627 1.5397906 1.1054540 0.4662765 1.2667631 0.9139772 2.4884089 2.1696195 
Khatamzas-pt-1_36|2020-06-16  1.9706842 1.7285713 1.2183081 1.7117818 1.4086815 1.3881756 1.5113235 1.5276276 1.5515958 0.3705821 0.0000000 1.5529353 8.9999983 0.2311607 2.2922039 2.2954658 0.2136342 1.2060916 0.7484385 2.7757227 2.8056209 
Khatamzas-pt-1_45|2020-06-23  1.6028065 1.6508498 1.2941082 1.6571112 1.7559106 1.4085092 1.5076788 1.5115923 1.5177010 1.1044882 1.5529353 0.0000000 0.8481081 0.4019232 1.0050128 0.5998858 0.4647553 1.3049123 1.0219027 1.8841570 1.7795097 
Khatamzas-pt-1_49|2020-06-29  4.8465583 2.5972200 1.6667084 2.2163031 2.8680879 1.6884617 1.7200821 2.2997821 2.7791585 3.6400306 8.9999983 0.8481081 0.0000000 0.2311752 1.5839314 0.5436581 0.2836078 1.9372724 1.2574455 3.2931720 2.4827557 
Khatamzas-pt-1_56|2020-07-06  1.1532348 0.4191283 0.8958779 0.9673938 0.6050590 1.1134177 1.1722658 1.3235356 1.2320763 0.1842627 0.2311607 0.4019232 0.2311752 0.0000000 0.0000023 0.0000030 0.0000021 0.1896702 0.2485972 2.3845162 1.8380535 
Khatamzas-pt-1_57|2020-07-07  2.0440531 1.1064756 1.0393269 1.3500888 1.3445316 1.0354717 1.3071221 1.7452643 1.8214261 1.5397906 2.2922039 1.0050128 1.5839314 0.0000023 0.0000000 0.0000025 0.0000024 0.3863101 0.5054226 1.6008149 1.5438184 
Khatamzas-pt-1_59|2020-07-09  1.9264455 0.9434789 0.8654534 1.4213265 1.4240452 1.0944002 1.3753786 1.6284561 1.6823828 1.1054540 2.2954658 0.5998858 0.5436581 0.0000030 0.0000025 0.0000000 0.0000021 0.1844614 0.2401672 2.3089094 1.8062117 
Khatamzas-pt-1_63|2020-07-13  1.4231302 0.2213159 0.6577798 0.9082127 0.3478492 1.1019471 1.1318922 1.4052475 1.3685391 0.4662765 0.2136342 0.4647553 0.2836078 0.0000021 0.0000024 0.0000021 0.0000000 0.0000024 0.0000026 0.7904299 1.2818003 
Khatamzas-pt-1_66|2020-07-16  1.7538410 0.1836969 0.4303341 0.7759368 0.2627920 0.9886694 1.0660937 1.5963622 1.6261773 1.2667631 1.2060916 1.3049123 1.9372724 0.1896702 0.3863101 0.1844614 0.0000024 0.0000000 0.0000021 0.5465782 1.1047762 
Khatamzas-pt-1_73|2020-07-23  1.4935865 0.2389512 0.7616501 0.9624247 0.3917242 1.1440041 1.1575648 1.4470880 1.4341890 0.9139772 0.7484385 1.0219027 1.2574455 0.2485972 0.5054226 0.2401672 0.0000026 0.0000021 0.0000000 0.9594335 1.3522193 
Khatamzas-pt-1_78|2020-07-28  2.9142194 4.8204541 0.4303341 2.7588413 0.9336110 0.8267581 1.8266166 2.2130099 2.4276767 2.4884089 2.7757227 1.8841570 3.2931720 2.3845162 1.6008149 2.3089094 0.7904299 0.5465782 0.9594335 0.0000000 0.3044220 
Khatamzas-pt-1_92|2020-08-11  2.4839605 8.9999987 0.0000021 2.7386178 0.9439326 0.8288098 1.8231887 2.0750894 2.2091448 2.1696195 2.8056209 1.7795097 2.4827557 1.8380535 1.5438184 1.8062117 1.2818003 1.1047762 1.3522193 0.3044220 0.0000000 
