21
Khatamzas-pt-1_0|2020-05-11   0.0000000 1.6450890 1.6151672 1.6549068 1.7522061 1.6157835 1.6482774 1.5328577 0.3325312 0.4164026 1.5987389 1.5180376 4.1328917 1.0385935 1.9029781 1.7858206 1.3367453 1.6705602 1.4441261 2.6505208 2.3112810 
Khatamzas-pt-1_112|2020-08-31 1.6450890 0.0000000 0.0000021 0.5146445 0.0000021 0.8156564 1.0505993 1.5460481 1.5594260 1.2645158 1.6232110 1.5809227 2.3373674 0.4097206 1.0282589 0.8549467 0.2186709 0.1818351 0.2358784 4.0814411 8.9999986 
Khatamzas-pt-1_122|2020-09-10 1.6151672 0.0000021 0.0000000 0.8138918 0.0000024 1.0592313 1.2543879 1.5307950 1.5401329 1.2523281 1.2055456 1.2851570 1.6075404 0.8745501 1.0205579 0.8440673 0.6402482 0.4207466 0.7419490 0.4207466 0.0000021 
Khatamzas-pt-1_129|2020-09-17 1.6549068 0.5146445 0.8138918 0.0000000 0.2314827 0.2294230 0.9576925 1.5687186 1.5838991 1.3729782 1.6430145 1.6061610 2.0728480 0.9471588 1.2980745 1.3577114 0.8877376 0.7555983 0.9426124 2.4911263 2.4747086 
Khatamzas-pt-1_136|2020-09-24 1.7522061 0.0000021 0.0000024 0.2314827 0.0000000 0.0000028 0.0000028 1.6112179 1.6403280 1.3805162 1.3573898 1.6878372 2.5917583 0.5882733 1.2589932 1.2896429 0.3413444 0.2589366 0.3836488 0.7924344 0.7980556 
Khatamzas-pt-1_147|2020-10-05 1.6157835 0.8156564 1.0592313 0.2294230 0.0000028 0.0000000 0.0000028 1.5518394 1.5626738 1.3701127 1.3546878 1.3819139 1.6193537 1.0966448 1.0164880 1.0770193 1.0851199 0.9688271 1.1286204 0.8055554 0.8072141 
Khatamzas-pt-1_149|2020-10-07 1.6482774 1.0505993 1.2543879 0.9576925 0.0000028 0.0000028 0.0000000 1.5873988 1.6003290 1.4723509 1.4710313 1.4736278 1.6551388 1.1573480 1.2765316 1.3443370 1.1154919 1.0475849 1.1420855 1.7305552 1.7271570 
Khatamzas-pt-1_15|2020-05-26  1.5328577 1.5460481 1.5307950 1.5687186 1.6112179 1.5518394 1.5873988 0.0000000 1.4416668 1.0496534 1.4421919 1.4631466 2.1257253 1.2791198 1.6725535 1.5686261 1.3682856 1.5499007 1.4190720 2.0867816 1.9760407 
Khatamzas-pt-1_22|2020-06-02  0.3325312 1.5594260 1.5401329 1.5838991 1.6403280 1.5626738 1.6003290 1.4416668 0.0000000 0.7900805 1.4136333 1.4557782 2.4877617 1.1679015 1.7251403 1.5981210 1.3165999 1.5661646 1.3978335 2.2565100 2.0832115 
Khatamzas-pt-1_28|2020-06-08  0.4164026 1.2645158 1.2523281 1.3729782 1.3805162 1.3701127 1.4723509 1.0496534 0.7900805 0.0000000 0.3549819 1.0515951 3.0275338 0.1824019 1.4340753 1.0272000 0.4551061 1.2131448 0.8928046 2.2709107 2.0276400 
Khatamzas-pt-1_36|2020-06-16  1.5987389 1.6232110 1.2055456 1.6430145 1.3573898 1.3546878 1.4710313 1.4421919 1.4136333 0.3549819 0.0000000 1.4149995 8.0914432 0.2234300 2.0434021 1.9242735 0.2110911 1.1413058 0.7278333 2.4888447 2.5513495 
Khatamzas-pt-1_45|2020-06-23  1.5180376 1.5809227 1.2851570 1.6061610 1.6878372 1.3819139 1.4736278 1.4631466 1.4557782 1.0515951 1.4149995 0.0000000 0.7909531 0.3934121 0.9469232 0.5838712 0.4539074 1.2598339 1.0029836 1.7697755 1.6966026 
Khatamzas-pt-1_49|2020-06-29  4.1328917 2.3373674 1.6075404 2.0728480 2.5917583 1.6193537 1.6551388 2.1257253 2.4877617 3.0275338 8.0914432 0.7909531 0.0000000 0.2234428 1.3850855 0.5047951 0.2710765 1.7292184 1.1315608 2.8836972 2.2655187 
Khatamzas-pt-1_56|2020-07-06  1.0385935 0.4097206 0.8745501 0.9471588 0.5882733 1.0966448 1.1573480 1.2791198 1.1679015 0.1824019 0.2234300 0.3934121 0.2234428 0.0000000 0.0000023 0.0000030 0.0000021 0.1876438 0.2451833 2.0208869 1.6980447 
Khatamzas-pt-1_57|2020-07-07  1.9029781 1.0282589 1.0205579 1.2980745 1.2589932 1.0164880 1.2765316 1.6725535 1.7251403 1.4340753 2.0434021 0.9469232 1.3850855 0.0000023 0.0000000 0.0000025 0.0000024 0.3782259 0.4926923 1.4020208 1.4379180 
Khatamzas-pt-1_59|2020-07-09  1.7858206 0.8549467 0.8440673 1.3577114 1.2896429 1.0770193 1.3443370 1.5686261 1.5981210 1.0272000 1.9242735 0.5838712 0.5047951 0.0000030 0.0000025 0.0000000 0.0000021 0.1825537 0.2369926 1.9441343 1.6661636 
Khatamzas-pt-1_63|2020-07-13  1.3367453 0.2186709 0.6402482 0.8877376 0.3413444 1.0851199 1.1154919 1.3682856 1.3165999 0.4551061 0.2110911 0.4539074 0.2710765 0.0000021 0.0000024 0.0000021 0.0000000 0.0000024 0.0000026 0.6928281 1.1962488 
Khatamzas-pt-1_66|2020-07-16  1.6705602 0.1818351 0.4207466 0.7555983 0.2589366 0.9688271 1.0475849 1.5499007 1.5661646 1.2131448 1.1413058 1.2598339 1.7292184 0.1876438 0.3782259 0.1825537 0.0000024 0.0000000 0.0000021 0.5067522 1.0260117 
Khatamzas-pt-1_73|2020-07-23  1.4441261 0.2358784 0.7419490 0.9426124 0.3836488 1.1286204 1.1420855 1.4190720 1.3978335 0.8928046 0.7278333 1.0029836 1.1315608 0.2451833 0.4926923 0.2369926 0.0000026 0.0000021 0.0000000 0.8068145 1.2655409 
Khatamzas-pt-1_78|2020-07-28  2.6505208 4.0814411 0.4207466 2.4911263 0.7924344 0.8055554 1.7305552 2.0867816 2.2565100 2.2709107 2.4888447 1.7697755 2.8836972 2.0208869 1.4020208 1.9441343 0.6928281 0.5067522 0.8068145 0.0000000 0.2992061 
Khatamzas-pt-1_92|2020-08-11  2.3112810 8.9999986 0.0000021 2.4747086 0.7980556 0.8072141 1.7271570 1.9760407 2.0832115 2.0276400 2.5513495 1.6966026 2.2655187 1.6980447 1.4379180 1.6661636 1.1962488 1.0260117 1.2655409 0.2992061 0.0000000 
