10
Sonnleitner-pt-1|2021-03-12 0.0000000 8.9999989 8.9999985 8.9999982 8.9999988 8.9999982 8.9999990 8.9999983 8.9999987 8.9999988 
Sonnleitner-pt-1|2021-03-18 8.9999989 0.0000000 8.9999989 8.9999982 8.9999988 8.9999982 8.9999990 8.9999983 8.9999988 0.0000010 
Sonnleitner-pt-1|2021-03-24 8.9999985 8.9999989 0.0000000 8.9999981 8.9999989 8.9999988 8.9999990 8.9999987 8.9999985 8.9999984 
Sonnleitner-pt-1|2021-03-31 8.9999982 8.9999982 8.9999981 0.0000000 8.9999987 8.9999990 8.9999990 8.9999983 8.9999985 8.9999987 
Sonnleitner-pt-1|2021-04-07 8.9999988 8.9999988 8.9999989 8.9999987 0.0000000 8.9999990 8.9999990 8.9999986 8.9999985 8.9999988 
Sonnleitner-pt-1|2021-04-22 8.9999982 8.9999982 8.9999988 8.9999990 8.9999990 0.0000000 8.9999982 8.9999989 8.9999990 8.9999989 
Sonnleitner-pt-1|2021-04-28 8.9999990 8.9999990 8.9999990 8.9999990 8.9999990 8.9999982 0.0000000 8.9999986 8.9999982 8.9999990 
Sonnleitner-pt-1|2021-05-05 8.9999983 8.9999983 8.9999987 8.9999983 8.9999986 8.9999989 8.9999986 0.0000000 8.9999987 8.9999985 
Sonnleitner-pt-1|2021-01-27 8.9999987 8.9999988 8.9999985 8.9999985 8.9999985 8.9999990 8.9999982 8.9999987 0.0000000 8.9999986 
Sonnleitner-pt-1|2021-02-16 8.9999988 0.0000010 8.9999984 8.9999987 8.9999988 8.9999989 8.9999990 8.9999985 8.9999986 0.0000000 
