8
Lee-pt-4_0|2020-04-01   0.0000000 0.0009222 0.0019932 0.0048516 0.0053560 0.0050203 0.0057958 0.0013665 
Lee-pt-4_148|2020-08-27 0.0009222 0.0000000 0.0015391 0.0056985 0.0062611 0.0057468 0.0066107 0.0029932 
Lee-pt-4_175|2020-09-23 0.0019932 0.0015391 0.0000000 0.0125815 0.0141164 0.0133253 0.0153155 0.0487786 
Lee-pt-4_294|2021-01-20 0.0048516 0.0056985 0.0125815 0.0000000 0.0004086 0.0004182 0.0012494 0.0100211 
Lee-pt-4_327|2021-02-22 0.0053560 0.0062611 0.0141164 0.0004086 0.0000000 0.0008447 0.0014058 0.0106847 
Lee-pt-4_331|2021-02-26 0.0050203 0.0057468 0.0133253 0.0004182 0.0008447 0.0000000 0.0007801 0.0102212 
Lee-pt-4_342|2021-03-09 0.0057958 0.0066107 0.0153155 0.0012494 0.0014058 0.0007801 0.0000000 0.0121010 
Lee-pt-4_37|2020-05-08  0.0013665 0.0029932 0.0487786 0.0100211 0.0106847 0.0102212 0.0121010 0.0000000 
