8
Baang-pt-1|2020-01-01 0.0000000 0.0000010 0.0022732 0.0000010 0.0000010 0.0000010 0.0068824 0.0101811 
Baang-pt-1|2020-01-16 0.0000010 0.0000000 0.0022732 0.0000010 0.0000010 0.0000010 0.0068824 0.0104002 
Baang-pt-1|2020-01-23 0.0022732 0.0022732 0.0000000 0.0072718 0.0028797 0.0045941 0.0045765 0.0080676 
Baang-pt-1|2020-01-27 0.0000010 0.0000010 0.0072718 0.0000000 0.0000010 0.0000010 0.0224597 0.0345131 
Baang-pt-1|2020-02-01 0.0000010 0.0000010 0.0028797 0.0000010 0.0000000 0.0000010 0.0087401 0.0132343 
Baang-pt-1|2020-01-06 0.0000010 0.0000010 0.0045941 0.0000010 0.0000010 0.0000000 0.0140456 0.0213965 
Baang-pt-1|2020-03-27 0.0068824 0.0068824 0.0045765 0.0224597 0.0087401 0.0140456 0.0000000 0.0034285 
Baang-pt-1|2020-04-09 0.0101811 0.0104002 0.0080676 0.0345131 0.0132343 0.0213965 0.0034285 0.0000000 
