15
Kemp-pt-1|2020-01-01 0.0000000 8.9999986 1.0432189 0.0000010 1.0432189 1.2665209 1.0425025 6.0053370 1.3770866 1.7591318 2.0941814 1.7736403 8.9999986 8.9999986 8.9999982 
Kemp-pt-1|2020-04-10 8.9999986 0.0000000 7.0496581 8.9999986 7.0496581 8.9999987 7.0628726 2.4880447 2.7019622 2.5960914 2.5493656 2.2278293 0.0000010 1.2769908 1.2804263 
Kemp-pt-1|2020-02-06 1.0432189 7.0496581 0.0000000 1.0432189 0.0000010 1.0514314 1.2629825 3.2741046 1.3994270 1.7232866 2.0477867 1.7520437 7.0496581 7.0365320 8.9999984 
Kemp-pt-1|2020-02-10 0.0000010 8.9999986 1.0432189 0.0000000 1.0432189 1.2665209 1.0425025 6.0053370 1.3770866 1.7591318 2.0941814 1.7736403 8.9999986 8.9999986 8.9999982 
Kemp-pt-1|2020-02-14 1.0432189 7.0496581 0.0000010 1.0432189 0.0000000 1.0514314 1.2629825 3.2741046 1.3994270 1.7232866 2.0477867 1.7520437 7.0496581 7.0365320 8.9999984 
Kemp-pt-1|2020-02-19 1.2665209 8.9999987 1.0514314 1.2665209 1.0514314 0.0000000 1.3400518 6.3784262 1.4152365 1.6960005 2.0076551 1.7335344 8.9999987 8.9999986 8.9999986 
Kemp-pt-1|2020-03-06 1.0425025 7.0628726 1.2629825 1.0425025 1.2629825 1.3400518 0.0000000 3.2756261 1.3399667 1.8079919 2.0478589 1.7520780 7.0628726 7.0496581 8.9999984 
Kemp-pt-1|2020-03-22 6.0053370 2.4880447 3.2741046 6.0053370 3.2741046 6.3784262 3.2756261 0.0000000 2.1748416 2.2470989 2.3514587 2.0494883 2.4880447 2.4869510 2.4730818 
Kemp-pt-1|2020-03-26 1.3770866 2.7019622 1.3994270 1.3770866 1.3994270 1.4152365 1.3399667 2.1748416 0.0000000 2.1947342 1.9433724 1.7034111 2.7019622 2.7015085 3.8702636 
Kemp-pt-1|2020-03-29 1.7591318 2.5960914 1.7232866 1.7591318 1.7232866 1.6960005 1.8079919 2.2470989 2.1947342 0.0000000 2.0021970 1.7934496 2.5960914 2.5958210 3.0970000 
Kemp-pt-1|2020-04-02 2.0941814 2.5493656 2.0477867 2.0941814 2.0477867 2.0076551 2.0478589 2.3514587 1.9433724 2.0021970 0.0000000 8.9999986 2.5493656 2.5492228 2.7651591 
Kemp-pt-1|2020-04-04 1.7736403 2.2278293 1.7520437 1.7736403 1.7520437 1.7335344 1.7520780 2.0494883 1.7034111 1.7934496 8.9999986 0.0000000 2.2278293 2.2277305 2.3713985 
Kemp-pt-1|2020-04-07 8.9999986 0.0000010 7.0496581 8.9999986 7.0496581 8.9999987 7.0628726 2.4880447 2.7019622 2.5960914 2.5493656 2.2278293 0.0000000 1.2769908 1.2804263 
Kemp-pt-1|2020-04-08 8.9999986 1.2769908 7.0365320 8.9999986 7.0365320 8.9999986 7.0496581 2.4869510 2.7015085 2.5958210 2.5492228 2.2277305 1.2769908 0.0000000 1.2806034 
Kemp-pt-1|2020-04-09 8.9999982 1.2804263 8.9999984 8.9999982 8.9999984 8.9999986 8.9999984 2.4730818 3.8702636 3.0970000 2.7651591 2.3713985 1.2804263 1.2806034 0.0000000 
