15
Kemp-pt-1|2020-01-01 0.0000000 8.9999986 1.0405541 0.0000010 1.0405541 1.2653323 1.0398237 6.0606060 1.3765663 1.7610785 2.0991741 1.7757258 8.9999986 8.9999986 8.9999982 
Kemp-pt-1|2020-04-10 8.9999986 0.0000000 7.1186845 8.9999986 7.1186845 8.9999987 7.1320799 2.4975386 2.7145616 2.6072904 2.5598643 2.2342765 0.0000010 1.2758190 1.2793276 
Kemp-pt-1|2020-02-06 1.0405541 7.1186845 0.0000000 1.0405541 0.0000010 1.0489013 1.2617199 3.2952653 1.3990409 1.7249587 2.0523051 1.7539588 7.1186845 7.1053784 8.9999986 
Kemp-pt-1|2020-02-10 0.0000010 8.9999986 1.0405541 0.0000000 1.0405541 1.2653323 1.0398237 6.0606060 1.3765663 1.7610785 2.0991741 1.7757258 8.9999986 8.9999986 8.9999982 
Kemp-pt-1|2020-02-14 1.0405541 7.1186845 0.0000010 1.0405541 0.0000000 1.0489013 1.2617199 3.2952653 1.3990409 1.7249587 2.0523051 1.7539588 7.1186845 7.1053784 8.9999986 
Kemp-pt-1|2020-02-19 1.2653323 8.9999987 1.0489013 1.2653323 1.0489013 0.0000000 1.3393090 6.4352352 1.4149631 1.6974835 2.0117824 1.7353137 8.9999987 8.9999987 8.9999986 
Kemp-pt-1|2020-03-06 1.0398237 7.1320799 1.2617199 1.0398237 1.2617199 1.3393090 0.0000000 3.2968291 1.3392222 1.8103304 2.0523790 1.7539938 7.1320799 7.1186845 8.9999986 
Kemp-pt-1|2020-03-22 6.0606060 2.4975386 3.2952653 6.0606060 3.2952653 6.4352352 3.2968291 0.0000000 2.1806931 2.2537724 2.3593703 2.0540287 2.4975386 2.4964172 2.4823743 
Kemp-pt-1|2020-03-26 1.3765663 2.7145616 1.3990409 1.3765663 1.3990409 1.4149631 1.3392222 2.1806931 0.0000000 2.2008323 1.9468909 1.7049633 2.7145616 2.7140957 3.9021359 
Kemp-pt-1|2020-03-29 1.7610785 2.6072904 1.7249587 1.7610785 1.7249587 1.6974835 1.8103304 2.2537724 2.2008323 0.0000000 2.0062644 1.7956830 2.6072904 2.6070127 3.1161419 
Kemp-pt-1|2020-04-02 2.0991741 2.5598643 2.0523051 2.0991741 2.0523051 2.0117824 2.0523790 2.3593703 1.9468909 2.0062644 0.0000000 8.9999988 2.5598643 2.5597177 2.7787796 
Kemp-pt-1|2020-04-04 1.7757258 2.2342765 1.7539588 1.7757258 1.7539588 1.7353137 1.7539938 2.0540287 1.7049633 1.7956830 8.9999988 0.0000000 2.2342765 2.2341752 2.3795546 
Kemp-pt-1|2020-04-07 8.9999986 0.0000010 7.1186845 8.9999986 7.1186845 8.9999987 7.1320799 2.4975386 2.7145616 2.6072904 2.5598643 2.2342765 0.0000000 1.2758190 1.2793276 
Kemp-pt-1|2020-04-08 8.9999986 1.2758190 7.1053784 8.9999986 7.1053784 8.9999987 7.1186845 2.4964172 2.7140957 2.6070127 2.5597177 2.2341752 1.2758190 0.0000000 1.2795082 
Kemp-pt-1|2020-04-09 8.9999982 1.2793276 8.9999986 8.9999982 8.9999986 8.9999986 8.9999986 2.4823743 3.9021359 3.1161419 2.7787796 2.3795546 1.2793276 1.2795082 0.0000000 
