15
Gandhi-pt-1|2020-01-01 0.0000000 1.7591586 1.9524924 1.9524924 1.8300702 2.1110145 2.0516812 2.9442937 2.4296634 2.2341592 3.5211017 1.8301301 2.9442937 1.8745059 1.9188879 
Gandhi-pt-1|2020-04-22 1.7591586 0.0000000 1.7540976 1.7540976 8.9999984 1.7374901 2.1272916 1.8681451 1.7477724 1.8109490 1.8980729 8.9999984 1.8681451 1.6009640 1.6003982 
Gandhi-pt-1|2020-04-23 1.9524924 1.7540976 0.0000000 0.0000010 1.8040116 1.7283568 1.9394406 2.7128767 2.2151276 2.3643999 2.6291823 1.8040522 2.7128767 1.8322854 1.8565346 
Gandhi-pt-1|2020-04-26 1.9524924 1.7540976 0.0000010 0.0000000 1.8040116 1.7283568 1.9394406 2.7128767 2.2151276 2.3643999 2.6291823 1.8040522 2.7128767 1.8322854 1.8565346 
Gandhi-pt-1|2020-04-29 1.8300702 8.9999984 1.8040116 1.8040116 0.0000000 2.1635438 1.7802349 1.8208302 1.6872529 1.7479382 1.8457326 8.9999985 1.8208302 1.6975154 1.7174416 
Gandhi-pt-1|2020-04-30 2.1110145 1.7374901 1.7283568 1.7283568 2.1635438 0.0000000 3.3123330 1.8589954 1.7135551 2.1398159 1.8922503 2.1640847 1.8589954 1.7117084 1.7374328 
Gandhi-pt-1|2020-05-02 2.0516812 2.1272916 1.9394406 1.9394406 1.7802349 3.3123330 0.0000000 1.9468692 1.7929925 1.9095374 1.9930017 2.5763417 1.9468692 1.8907680 1.9735796 
Gandhi-pt-1|2020-05-03 2.9442937 1.8681451 2.7128767 2.7128767 1.8208302 1.8589954 1.9468692 0.0000000 2.1447875 2.7870453 2.0026422 1.9165425 0.0000010 1.9513375 1.9859847 
Gandhi-pt-1|2020-05-04 2.4296634 1.7477724 2.2151276 2.2151276 1.6872529 1.7135551 1.7929925 2.1447875 0.0000000 2.2976312 2.4971491 1.8098611 2.1447875 1.8462648 1.8799144 
Gandhi-pt-1|2020-05-06 2.2341592 1.8109490 2.3643999 2.3643999 1.7479382 2.1398159 1.9095374 2.7870453 2.2976312 0.0000000 3.2658222 1.8759226 2.7870453 1.9204917 1.9666003 
Gandhi-pt-1|2020-05-07 3.5211017 1.8980729 2.6291823 2.6291823 1.8457326 1.8922503 1.9930017 2.0026422 2.4971491 3.2658222 0.0000000 1.9518179 2.0026422 1.9933619 2.0371689 
Gandhi-pt-1|2020-05-08 1.8301301 8.9999984 1.8040522 1.8040522 8.9999985 2.1640847 2.5763417 1.9165425 1.8098611 1.8759226 1.9518179 0.0000000 1.9165425 1.6975828 1.7175264 
Gandhi-pt-1|2020-05-11 2.9442937 1.8681451 2.7128767 2.7128767 1.8208302 1.8589954 1.9468692 0.0000010 2.1447875 2.7870453 2.0026422 1.9165425 0.0000000 1.9513375 1.9859847 
Gandhi-pt-1|2020-05-14 1.8745059 1.6009640 1.8322854 1.8322854 1.6975154 1.7117084 1.8907680 1.9513375 1.8462648 1.9204917 1.9933619 1.6975828 1.9513375 0.0000000 1.3300180 
Gandhi-pt-1|2020-05-21 1.9188879 1.6003982 1.8565346 1.8565346 1.7174416 1.7374328 1.9735796 1.9859847 1.8799144 1.9666003 2.0371689 1.7175264 1.9859847 1.3300180 0.0000000 
