30
Chaguza-pt-1|2021-09-13 0.0000000 0.1513967 0.1341995 0.1341995 0.1602943 0.0401054 0.0401459 0.0194314 0.0626837 0.0000021 1.0503575 0.9749594 1.0812510 0.0220129 0.0403483 0.0403483 0.0194031 0.0000021 0.0000021 0.3406680 0.2081026 0.2919857 0.0391484 0.0808576 0.0205889 0.0715906 0.5236461 0.6901547 0.9390043 0.0674864 
Chaguza-pt-1|2021-09-27 0.1513967 0.0000000 0.3371011 0.3371011 0.3687513 0.2327170 0.1239889 0.2022207 0.2956705 0.4420341 0.6973064 0.6672194 0.7655627 0.2609699 0.3777121 0.3523712 0.3362831 0.4418619 0.5134625 0.0443692 0.0000021 0.0822566 0.0000028 0.0194047 0.4865678 0.7652084 0.2704005 0.8253744 1.0191205 0.6404719 
Chaguza-pt-1|2021-02-08 0.1341995 0.3371011 0.0000000 0.0000010 0.0188976 0.0190935 0.1597831 0.1058543 0.1610440 0.4477130 1.2485368 1.1745046 1.2753274 0.1477602 0.3757266 0.3474965 0.3301434 0.4475183 0.5971835 0.7185593 0.5790955 0.6874760 0.2054154 0.2824631 0.5104336 0.9723180 0.8165994 0.8976853 1.1045900 0.7483601 
Chaguza-pt-1|2021-02-18 0.1341995 0.3371011 0.0000010 0.0000000 0.0188976 0.0190935 0.1597831 0.1058543 0.1610440 0.4477130 1.2485368 1.1745046 1.2753274 0.1477602 0.3757266 0.3474965 0.3301434 0.4475183 0.5971835 0.7185593 0.5790955 0.6874760 0.2054154 0.2824631 0.5104336 0.9723180 0.8165994 0.8976853 1.1045900 0.7483601 
Chaguza-pt-1|2021-02-26 0.1602943 0.3687513 0.0188976 0.0188976 0.0000000 0.0192875 0.1618096 0.1071093 0.1886384 0.4290158 1.2513247 1.1795328 1.2838413 0.1496524 0.3335244 0.3336852 0.3181928 0.4288382 0.5626676 0.7436664 0.6108474 0.7126036 0.2326237 0.3105302 0.4848791 0.8840566 0.8330202 0.8965835 1.1112862 0.7032721 
Chaguza-pt-1|2021-03-05 0.0401054 0.2327170 0.0190935 0.0190935 0.0192875 0.0000000 0.0826454 0.0000027 0.0397751 0.2732552 1.0793938 1.0193203 1.1027359 0.0665690 0.2036830 0.1796030 0.1734671 0.2731368 0.3654626 0.5708984 0.4344256 0.5486387 0.1245521 0.1930895 0.3066435 0.6071257 0.6979343 0.7428880 0.9864297 0.5072128 
Chaguza-pt-1|2021-04-05 0.0401459 0.1239889 0.1597831 0.1597831 0.1618096 0.0826454 0.0000000 0.0599901 0.1078907 0.3212117 0.8756850 0.8283726 0.9114042 0.0683171 0.2458642 0.2192749 0.2106149 0.3210636 0.4372840 0.2263735 0.1899087 0.2778056 0.1050621 0.1747315 0.3649564 0.7865577 0.4068818 0.6541479 0.8941747 0.5967284 
Chaguza-pt-1|2021-05-03 0.0194314 0.2022207 0.1058543 0.1058543 0.1071093 0.0000027 0.0599901 0.0000000 0.0000023 0.2768933 1.1085010 1.0444042 1.1331292 0.0429616 0.2061508 0.1816798 0.1753642 0.2767713 0.3723175 0.5249602 0.3908222 0.5056723 0.0797829 0.1664561 0.3114737 0.6296719 0.6602587 0.7136933 0.9559316 0.5185999 
Chaguza-pt-1|2021-05-24 0.0626837 0.2956705 0.1610440 0.1610440 0.1886384 0.0397751 0.1078907 0.0000023 0.0000000 0.3513441 1.2166560 1.1472709 1.2420845 0.0929309 0.2760921 0.2488328 0.2384067 0.3511835 0.4764295 0.6540612 0.5177334 0.6271898 0.1516952 0.2479278 0.3990365 0.8194192 0.7636129 0.8336281 1.0493477 0.6346489 
Chaguza-pt-1|2021-06-28 0.0000021 0.4420341 0.4477130 0.4477130 0.4290158 0.2732552 0.3212117 0.2768933 0.3513441 0.0000000 1.2745754 1.2170676 1.2947354 0.1676890 0.1025578 0.1026031 0.0000029 0.0000010 0.0000022 0.8631996 0.7710234 0.8356990 0.1863762 0.3986554 0.0204358 0.1080302 0.9125091 0.9846938 1.1336769 0.1177848 
Chaguza-pt-1|2022-02-10 1.0503575 0.6973064 1.2485368 1.2485368 1.2513247 1.0793938 0.8756850 1.1085010 1.2166560 1.2745754 0.0000000 0.1405758 0.1879156 1.2127261 1.3225476 1.3300531 1.2593565 1.2743739 1.4384976 0.9110069 0.8212298 0.5202840 0.6304197 0.4663062 1.3714973 1.4982392 0.2439982 1.3737450 1.4377456 1.4295341 
Chaguza-pt-1|2022-02-23 0.9749594 0.6672194 1.1745046 1.1745046 1.1795328 1.0193203 0.8283726 1.0444042 1.1472709 1.2170676 0.1405758 0.0000000 0.0000021 1.1439325 1.2550769 1.2600188 1.1968057 1.2168793 1.3688489 0.8484759 0.7857303 0.4715845 0.5841941 0.4410471 1.3055128 1.5119228 0.2362193 1.3100010 1.4360476 1.3652140 
Chaguza-pt-1|2022-03-07 1.0812510 0.7655627 1.2753274 1.2753274 1.2838413 1.1027359 0.9114042 1.1331292 1.2420845 1.2947354 0.1879156 0.0000021 0.0000000 1.2377484 1.3455472 1.3541186 1.2815925 1.2945312 1.4609121 0.9878644 0.8977230 0.5448515 0.6841623 0.5207981 1.3921609 1.6204853 0.2897401 1.3727076 1.5203343 1.3914191 
Chaguza-pt-1|2021-04-19 0.0220129 0.2609699 0.1477602 0.1477602 0.1496524 0.0665690 0.0683171 0.0429616 0.0929309 0.1676890 1.2127261 1.1439325 1.2377484 0.0000000 0.0936482 0.0693673 0.0672943 0.1676060 0.2067008 0.5216381 0.4473699 0.6268949 0.1386899 0.2395767 0.2260036 0.6397930 0.7630201 0.8209117 1.0404657 0.3997067 
Chaguza-pt-1|2021-06-01 0.0403483 0.3777121 0.3757266 0.3757266 0.3335244 0.2036830 0.2458642 0.2061508 0.2760921 0.1025578 1.3225476 1.2550769 1.3455472 0.0936482 0.0000000 0.0000022 0.0000029 0.1025126 0.1500421 0.8549626 0.7469809 0.8239264 0.1930150 0.3399471 0.1417280 0.4154465 0.9120456 0.9901304 1.1616657 0.2769236 
Chaguza-pt-1|2021-06-14 0.0403483 0.3523712 0.3474965 0.3474965 0.3336852 0.1796030 0.2192749 0.1816798 0.2488328 0.1026031 1.3300531 1.2600188 1.3541186 0.0693673 0.0000022 0.0000000 0.0000029 0.1025578 0.1501214 0.8447365 0.7309317 0.8127930 0.1930150 0.3175003 0.1417991 0.4157720 0.9058903 0.9903639 1.1618730 0.2770729 
Chaguza-pt-1|2021-06-21 0.0194031 0.3362831 0.3301434 0.3301434 0.3181928 0.1734671 0.2106149 0.1753642 0.2384067 0.0000029 1.2593565 1.1968057 1.2815925 0.0672943 0.0000029 0.0000029 0.0000000 0.0000029 0.0221288 0.7942117 0.6854789 0.7659797 0.1648175 0.3052013 0.0425951 0.1555916 0.8623535 0.9356379 1.1060153 0.1485489 
Chaguza-pt-1|2021-07-12 0.0000021 0.4418619 0.4475183 0.4475183 0.4288382 0.2731368 0.3210636 0.2767713 0.3511835 0.0000010 1.2743739 1.2168793 1.2945312 0.1676060 0.1025126 0.1025578 0.0000029 0.0000000 0.0000022 0.8629899 0.7708042 0.8354962 0.1862986 0.3985140 0.0204265 0.1079473 0.9123369 0.9844969 1.1334993 0.1177258 
Chaguza-pt-1|2021-07-25 0.0000021 0.5134625 0.5971835 0.5971835 0.5626676 0.3654626 0.4372840 0.3723175 0.4764295 0.0000022 1.4384976 1.3688489 1.4609121 0.2067008 0.1500421 0.1501214 0.0221288 0.0000022 0.0000000 0.8713452 0.8443316 0.9294604 0.2153537 0.4552719 0.0236837 0.1419821 1.0441059 1.1391475 1.2752987 0.1397038 
Chaguza-pt-1|2021-08-29 0.3406680 0.0443692 0.7185593 0.7185593 0.7436664 0.5708984 0.2263735 0.5249602 0.6540612 0.8631996 0.9110069 0.8484759 0.9878644 0.5216381 0.8549626 0.8447365 0.7942117 0.8629899 0.8713452 0.0000000 0.0211995 0.1496559 0.0693774 0.0968400 0.9475926 1.2479567 0.2970342 1.0357191 1.1865020 1.1046505 
Chaguza-pt-1|2021-09-08 0.2081026 0.0000021 0.5790955 0.5790955 0.6108474 0.4344256 0.1899087 0.3908222 0.5177334 0.7710234 0.8212298 0.7857303 0.8977230 0.4473699 0.7469809 0.7309317 0.6854789 0.7708042 0.8443316 0.0211995 0.0000000 0.0929235 0.0216699 0.0451518 0.8550762 1.1693686 0.3067649 0.9606623 1.1294595 1.0307666 
Chaguza-pt-1|2021-10-04 0.2919857 0.0822566 0.6874760 0.6874760 0.7126036 0.5486387 0.2778056 0.5056723 0.6271898 0.8356990 0.5202840 0.4715845 0.5448515 0.6268949 0.8239264 0.8127930 0.7659797 0.8354962 0.9294604 0.1496559 0.0929235 0.0000000 0.0400351 0.0192196 0.8581176 1.0554085 0.1849005 1.0059803 1.1591115 1.0127899 
Chaguza-pt-1|2021-10-12 0.0391484 0.0000028 0.2054154 0.2054154 0.2326237 0.1245521 0.1050621 0.0797829 0.1516952 0.1863762 0.6304197 0.5841941 0.6841623 0.1386899 0.1930150 0.1930150 0.1648175 0.1862986 0.2153537 0.0693774 0.0216699 0.0400351 0.0000000 0.0194720 0.2042350 0.3931086 0.1983273 0.7476200 0.9549238 0.2932669 
Chaguza-pt-1|2021-10-19 0.0808576 0.0194047 0.2824631 0.2824631 0.3105302 0.1930895 0.1747315 0.1664561 0.2479278 0.3986554 0.4663062 0.4410471 0.5207981 0.2395767 0.3399471 0.3175003 0.3052013 0.3985140 0.4552719 0.0968400 0.0451518 0.0192196 0.0194720 0.0000000 0.4005408 0.6319441 0.1215008 0.7997366 0.9878615 0.5665335 
Chaguza-pt-1|2021-11-03 0.0205889 0.4865678 0.5104336 0.5104336 0.4848791 0.3066435 0.3649564 0.3114737 0.3990365 0.0204358 1.3714973 1.3055128 1.3921609 0.2260036 0.1417280 0.1417991 0.0425951 0.0204265 0.0236837 0.9475926 0.8550762 0.8581176 0.2042350 0.4005408 0.0000000 0.0000027 0.9827976 1.0688583 1.2143269 0.0238739 
Chaguza-pt-1|2021-11-09 0.0715906 0.7652084 0.9723180 0.9723180 0.8840566 0.6071257 0.7865577 0.6296719 0.8194192 0.1080302 1.4982392 1.5119228 1.6204853 0.6397930 0.4154465 0.4157720 0.1555916 0.1079473 0.1419821 1.2479567 1.1693686 1.0554085 0.3931086 0.6319441 0.0000027 0.0000000 1.1579502 1.4221098 1.4520187 0.0000027 
Chaguza-pt-1|2021-11-16 0.5236461 0.2704005 0.8165994 0.8165994 0.8330202 0.6979343 0.4068818 0.6602587 0.7636129 0.9125091 0.2439982 0.2362193 0.2897401 0.7630201 0.9120456 0.9058903 0.8623535 0.9123369 1.0441059 0.2970342 0.3067649 0.1849005 0.1983273 0.1215008 0.9827976 1.1579502 0.0000000 1.0516396 1.1808377 1.1080560 
Chaguza-pt-1|2021-12-27 0.6901547 0.8253744 0.8976853 0.8976853 0.8965835 0.7428880 0.6541479 0.7136933 0.8336281 0.9846938 1.3737450 1.3100010 1.3727076 0.8209117 0.9901304 0.9903639 0.9356379 0.9844969 1.1391475 1.0357191 0.9606623 1.0059803 0.7476200 0.7997366 1.0688583 1.4221098 1.0516396 0.0000000 0.9184721 1.1021753 
Chaguza-pt-1|2021-12-20 0.9390043 1.0191205 1.1045900 1.1045900 1.1112862 0.9864297 0.8941747 0.9559316 1.0493477 1.1336769 1.4377456 1.4360476 1.5203343 1.0404657 1.1616657 1.1618730 1.1060153 1.1334993 1.2752987 1.1865020 1.1294595 1.1591115 0.9549238 0.9878615 1.2143269 1.4520187 1.1808377 0.9184721 0.0000000 1.2304493 
Chaguza-pt-1|2021-12-07 0.0674864 0.6404719 0.7483601 0.7483601 0.7032721 0.5072128 0.5967284 0.5185999 0.6346489 0.1177848 1.4295341 1.3652140 1.3914191 0.3997067 0.2769236 0.2770729 0.1485489 0.1177258 0.1397038 1.1046505 1.0307666 1.0127899 0.2932669 0.5665335 0.0238739 0.0000027 1.1080560 1.1021753 1.2304493 0.0000000 
