10
Caccuri-pt-1|2020-08-05 0.0000000 0.1098482 0.1148460 0.1098482 0.0453469 0.0453469 0.0000010 0.0148102 0.1276588 0.0774101 
Caccuri-pt-1|2020-04-02 0.1098482 0.0000000 0.0000010 0.0000010 0.0608369 0.0608369 0.1098482 0.1271552 0.8883123 0.2005575 
Caccuri-pt-1|2020-04-09 0.1148460 0.0000010 0.0000000 0.0000010 0.0635277 0.0635277 0.1148460 0.1330113 1.2283196 0.2102540 
Caccuri-pt-1|2020-04-22 0.1098482 0.0000010 0.0000010 0.0000000 0.0608369 0.0608369 0.1098482 0.1271552 0.8883123 0.2005575 
Caccuri-pt-1|2020-04-28 0.0453469 0.0608369 0.0635277 0.0608369 0.0000000 0.0000010 0.0453469 0.0611906 0.3783083 0.1282775 
Caccuri-pt-1|2020-05-06 0.0453469 0.0608369 0.0635277 0.0608369 0.0000010 0.0000000 0.0453469 0.0611906 0.3783083 0.1282775 
Caccuri-pt-1|2020-07-27 0.0000010 0.1098482 0.1148460 0.1098482 0.0453469 0.0453469 0.0000000 0.0148102 0.1276588 0.0774101 
Caccuri-pt-1|2020-08-26 0.0148102 0.1271552 0.1330113 0.1271552 0.0611906 0.0611906 0.0148102 0.0000000 0.0614134 0.0940632 
Caccuri-pt-1|2020-09-07 0.1276588 0.8883123 1.2283196 0.8883123 0.3783083 0.3783083 0.1276588 0.0614134 0.0000000 0.6295290 
Caccuri-pt-1|2020-11-10 0.0774101 0.2005575 0.2102540 0.2005575 0.1282775 0.1282775 0.0774101 0.0940632 0.6295290 0.0000000 
