11
Li-pt-1_0|2020-02-12   0.0000000 3.6421269 7.4402750 4.5468753 4.5468753 8.9999985 8.4958685 2.6259906 4.7163871 3.2781662 3.6727778 
Li-pt-1_101|2020-05-24 3.6421269 0.0000000 3.1263530 3.9591350 3.9591350 8.9999982 8.9999981 2.8441964 8.9999982 3.1260136 8.9999989 
Li-pt-1_102|2020-05-25 7.4402750 3.1263530 0.0000000 3.6740499 3.6740499 8.9999981 8.9999986 2.8363398 3.7845904 3.0417440 3.1344588 
Li-pt-1_103|2020-05-26 4.5468753 3.9591350 3.6740499 0.0000000 0.0000010 2.8630134 2.5687981 1.8915553 6.0770864 4.7900985 3.3065426 
Li-pt-1_106|2020-05-29 4.5468753 3.9591350 3.6740499 0.0000010 0.0000000 2.8630134 2.5687981 1.8915553 6.0770864 4.7900985 3.3065426 
Li-pt-1_108|2020-05-31 8.9999985 8.9999982 8.9999981 2.8630134 2.8630134 0.0000000 7.4047520 2.7318744 3.4210172 8.9999986 8.9999983 
Li-pt-1_120|2020-06-12 8.4958685 8.9999981 8.9999986 2.5687981 2.5687981 7.4047520 0.0000000 2.2245549 3.1100462 7.7861997 4.3934165 
Li-pt-1_125|2020-06-17 2.6259906 2.8441964 2.8363398 1.8915553 1.8915553 2.7318744 2.2245549 0.0000000 2.2855988 3.5531088 2.6435188 
Li-pt-1_140|2020-07-02 4.7163871 8.9999982 3.7845904 6.0770864 6.0770864 3.4210172 3.1100462 2.2855988 0.0000000 8.9999989 4.1089148 
Li-pt-1_95|2020-05-17  3.2781662 3.1260136 3.0417440 4.7900985 4.7900985 8.9999986 7.7861997 3.5531088 8.9999989 0.0000000 3.1341147 
Li-pt-1_97|2020-05-20  3.6727778 8.9999989 3.1344588 3.3065426 3.3065426 8.9999983 4.3934165 2.6435188 4.1089148 3.1341147 0.0000000 
