11
Li-pt-1_0|2020-02-12   0.0000000 3.6419530 7.4323863 4.5469033 4.5469033 8.9999985 8.4816730 2.6261945 4.7164410 3.2782195 3.6725864 
Li-pt-1_101|2020-05-24 3.6419530 0.0000000 3.1264919 3.9593110 3.9593110 8.9999982 8.9999981 2.8444097 8.9999988 3.1261499 8.9999988 
Li-pt-1_102|2020-05-25 7.4323863 3.1264919 0.0000000 3.6742741 3.6742741 8.9999981 8.9999986 2.8365689 3.7848298 3.0419244 3.1345960 
Li-pt-1_103|2020-05-26 4.5469033 3.9593110 3.6742741 0.0000000 0.0000010 2.8632046 2.5689513 1.8916407 6.0630901 4.7901938 3.3067597 
Li-pt-1_106|2020-05-29 4.5469033 3.9593110 3.6742741 0.0000010 0.0000000 2.8632046 2.5689513 1.8916407 6.0630901 4.7901938 3.3067597 
Li-pt-1_108|2020-05-31 8.9999985 8.9999982 8.9999981 2.8632046 2.8632046 0.0000000 7.3968068 2.7320468 3.4211993 8.9999986 8.9999983 
Li-pt-1_120|2020-06-12 8.4816730 8.9999981 8.9999986 2.5689513 2.5689513 7.3968068 0.0000000 2.2247083 3.1101848 7.7810482 4.3933919 
Li-pt-1_125|2020-06-17 2.6261945 2.8444097 2.8365689 1.8916407 1.8916407 2.7320468 2.2247083 0.0000000 2.2856694 3.5533108 2.6437378 
Li-pt-1_140|2020-07-02 4.7164410 8.9999988 3.7848298 6.0630901 6.0630901 3.4211993 3.1101848 2.2856694 0.0000000 8.9999989 4.1091064 
Li-pt-1_95|2020-05-17  3.2782195 3.1261499 3.0419244 4.7901938 4.7901938 8.9999986 7.7810482 3.5533108 8.9999989 0.0000000 3.1342494 
Li-pt-1_97|2020-05-20  3.6725864 8.9999988 3.1345960 3.3067597 3.3067597 8.9999983 4.3933919 2.6437378 4.1091064 3.1342494 0.0000000 
