13
NC_045512.2|2019-12-30       0.0000000 0.4511447 0.4508910 0.4720425 0.6198624 0.4788678 1.0740876 1.9297275 0.8285456 0.8970209 0.8967424 0.9162743 0.9165480 
Halfmann-pt-1_0|2020-12-27   0.4511447 0.0000000 0.0000010 0.0145301 0.0000010 0.0644350 0.4675962 1.6184140 0.2238562 0.2671469 0.2670585 0.2874442 0.2875367 
Halfmann-pt-1_11|2021-01-07  0.4508910 0.0000010 0.0000000 0.0145235 0.0000010 0.0644026 0.4376985 1.6172913 0.2237356 0.2669979 0.2669097 0.2872828 0.2873752 
Halfmann-pt-1_18|2021-01-14  0.4720425 0.0145301 0.0145235 0.0000000 0.0194290 0.0478690 0.4374227 1.6167647 0.2046497 0.2469061 0.2468248 0.2669097 0.2669949 
Halfmann-pt-1_46|2021-02-11  0.6198624 0.0000010 0.0000010 0.0194290 0.0000000 0.0398138 0.5566231 2.4306263 0.2917299 0.3573209 0.3573209 0.3873025 0.3876633 
Halfmann-pt-1_85|2021-03-22  0.4788678 0.0644350 0.0644026 0.0478690 0.0398138 0.0000000 0.3684821 1.9381297 0.2463006 0.2728628 0.2951912 0.2953332 0.3182202 
Halfmann-pt-1_184|2021-06-29 1.0740876 0.4675962 0.4376985 0.4374227 0.5566231 0.3684821 0.0000000 4.2852042 0.7625293 0.8610563 0.8610563 0.8902011 0.8909924 
Halfmann-pt-1_220|2021-08-04 1.9297275 1.6184140 1.6172913 1.6167647 2.4306263 1.9381297 4.2852042 0.0000000 1.8892954 1.7941616 1.7818029 1.7820626 1.7712152 
Halfmann-pt-1_275|2021-09-28 0.8285456 0.2238562 0.2237356 0.2046497 0.2917299 0.2463006 0.7625293 1.8892954 0.0000000 0.0280572 0.0280497 0.0424138 0.0424247 
Halfmann-pt-1_302|2021-10-25 0.8970209 0.2671469 0.2669979 0.2469061 0.3573209 0.2728628 0.8610563 1.7941616 0.0280572 0.0000000 0.0000010 0.0137897 0.0137968 
Halfmann-pt-1_304|2021-10-27 0.8967424 0.2670585 0.2669097 0.2468248 0.3573209 0.2951912 0.8610563 1.7818029 0.0280497 0.0000010 0.0000000 0.0137897 0.0137932 
Halfmann-pt-1_369|2021-12-31 0.9162743 0.2874442 0.2872828 0.2669097 0.3873025 0.2953332 0.8902011 1.7820626 0.0424138 0.0137897 0.0137897 0.0000000 0.0000010 
Halfmann-pt-1_373|2022-01-04 0.9165480 0.2875367 0.2873752 0.2669949 0.3876633 0.3182202 0.8909924 1.7712152 0.0424247 0.0137968 0.0137932 0.0000010 0.0000000 
