13
NC_045512.2|2019-12-30       0.0000000 0.5752040 0.5748782 0.6006951 0.7877170 0.6051762 1.2647295 2.0153260 1.0628963 1.1431150 1.1428271 1.1577424 1.1580222 
Halfmann-pt-1_0|2020-12-27   0.5752040 0.0000000 0.0000010 0.0175964 0.0000010 0.0786973 0.6076152 1.7865172 0.2824294 0.3403761 0.3402578 0.3668391 0.3669621 
Halfmann-pt-1_11|2021-01-07  0.5748782 0.0000010 0.0000000 0.0175884 0.0000010 0.0786573 0.5696961 1.7855753 0.2822707 0.3401762 0.3400580 0.3666224 0.3667453 
Halfmann-pt-1_18|2021-01-14  0.6006951 0.0175964 0.0175884 0.0000000 0.0235426 0.0583496 0.5692694 1.7853287 0.2576779 0.3139744 0.3138667 0.3400580 0.3401725 
Halfmann-pt-1_46|2021-02-11  0.7877170 0.0000010 0.0000010 0.0235426 0.0000000 0.0485188 0.7310809 2.5196698 0.3742077 0.4655016 0.4655016 0.5051801 0.5056779 
Halfmann-pt-1_85|2021-03-22  0.6051762 0.0786973 0.0786573 0.0583496 0.0485188 0.0000000 0.4738485 2.1155528 0.3139555 0.3513106 0.3809308 0.3811512 0.4114989 
Halfmann-pt-1_184|2021-06-29 1.2647295 0.6076152 0.5696961 0.5692694 0.7310809 0.4738485 0.0000000 7.8258597 0.9963462 1.1175214 1.1175214 1.1406210 1.1414521 
Halfmann-pt-1_220|2021-08-04 2.0153260 1.7865172 1.7855753 1.7853287 2.5196698 2.1155528 7.8258597 0.0000000 2.0236586 1.9239371 1.9048510 1.9049154 1.8879231 
Halfmann-pt-1_275|2021-09-28 1.0628963 0.2824294 0.2822707 0.2576779 0.3742077 0.3139555 0.9963462 2.0236586 0.0000000 0.0341099 0.0341008 0.0516543 0.0516676 
Halfmann-pt-1_302|2021-10-25 1.1431150 0.3403761 0.3401762 0.3139744 0.4655016 0.3513106 1.1175214 1.9239371 0.0341099 0.0000000 0.0000010 0.0166985 0.0167071 
Halfmann-pt-1_304|2021-10-27 1.1428271 0.3402578 0.3400580 0.3138667 0.4655016 0.3809308 1.1175214 1.9048510 0.0341008 0.0000010 0.0000000 0.0166985 0.0167023 
Halfmann-pt-1_369|2021-12-31 1.1577424 0.3668391 0.3666224 0.3400580 0.5051801 0.3811512 1.1406210 1.9049154 0.0516543 0.0166985 0.0166985 0.0000000 0.0000010 
Halfmann-pt-1_373|2022-01-04 1.1580222 0.3669621 0.3667453 0.3401725 0.5056779 0.4114989 1.1414521 1.8879231 0.0516676 0.0167071 0.0167023 0.0000010 0.0000000 
