14
NC_045512.2|2019-12-30      0.0000000 2.3440867 2.5271540 2.4535167 2.5049169 2.6972175 2.5539050 2.1502304 2.2763751 2.2966962 2.3966319 2.6185313 2.3465476 2.5448533 
Huygens-pt-2_0|2022-01-06   2.3440867 0.0000000 1.2809332 1.2766683 0.7736341 2.2092819 1.3816905 0.3080486 0.3096842 1.0901195 1.4319866 2.2486105 1.0869182 1.9741924 
Huygens-pt-2_118|2022-05-04 2.5271540 1.2809332 0.0000000 0.0000010 3.2915912 8.9999986 0.2572158 0.7217655 1.2679027 2.2104100 3.0631494 6.4743819 2.3607252 8.9999990 
Huygens-pt-2_123|2022-05-09 2.4535167 1.2766683 0.0000010 0.0000000 3.2880372 8.9999986 0.2572158 0.4940312 1.2633540 2.2074560 3.0631494 6.4475408 1.5100165 8.9999990 
Huygens-pt-2_131|2022-05-17 2.5049169 0.7736341 3.2915912 3.2880372 0.0000000 1.1209469 2.7020023 0.7886651 0.7904955 0.3102122 0.4018473 1.0690313 0.3839122 0.6573458 
Huygens-pt-2_139|2022-05-25 2.6972175 2.2092819 8.9999986 8.9999986 1.1209469 0.0000000 4.7045642 1.9247140 1.9274038 0.7608808 0.7640838 1.5253480 0.8720025 0.7593992 
Huygens-pt-2_160|2022-06-15 2.5539050 1.3816905 0.2572158 0.2572158 2.7020023 4.7045642 0.0000000 1.3770652 1.3800536 2.5482981 2.5529434 5.2198983 2.1089072 4.3078263 
Huygens-pt-2_25|2022-01-31  2.1502304 0.3080486 0.7217655 0.4940312 0.7886651 1.9247140 1.3770652 0.0000000 0.0000010 0.2745680 0.4371600 0.9235322 0.2631846 1.2439720 
Huygens-pt-2_32|2022-02-07  2.2763751 0.3096842 1.2679027 1.2633540 0.7904955 1.9274038 1.3800536 0.0000010 0.0000000 0.3546990 0.4430981 1.8262710 0.3546990 1.2854871 
Huygens-pt-2_40|2022-02-15  2.2966962 1.0901195 2.2104100 2.2074560 0.3102122 0.7608808 2.5482981 0.2745680 0.3546990 0.0000000 0.0000010 0.0000010 0.0000010 0.0000010 
Huygens-pt-2_53|2022-02-28  2.3966319 1.4319866 3.0631494 3.0631494 0.4018473 0.7640838 2.5529434 0.4371600 0.4430981 0.0000010 0.0000000 0.0000010 0.0000010 0.0000010 
Huygens-pt-2_62|2022-03-09  2.6185313 2.2486105 6.4743819 6.4475408 1.0690313 1.5253480 5.2198983 0.9235322 1.8262710 0.0000010 0.0000010 0.0000000 0.0000010 0.0000010 
Huygens-pt-2_76|2022-03-23  2.3465476 1.0869182 2.3607252 1.5100165 0.3839122 0.8720025 2.1089072 0.2631846 0.3546990 0.0000010 0.0000010 0.0000010 0.0000000 0.0000010 
Huygens-pt-2_90|2022-04-06  2.5448533 1.9741924 8.9999990 8.9999990 0.6573458 0.7593992 4.3078263 1.2439720 1.2854871 0.0000010 0.0000010 0.0000010 0.0000010 0.0000000 
