14
NC_045512.2|2019-12-30      0.0000000 2.3443963 2.5276766 2.4541339 2.5052718 2.6973654 2.5543239 2.1507596 2.2767307 2.2971274 2.3969266 2.6187989 2.3470591 2.5449962 
Huygens-pt-2_0|2022-01-06   2.3443963 0.0000000 1.2859748 1.2816929 0.7751133 2.2102449 1.3850213 0.3085768 0.3102156 1.0924471 1.4343806 2.2501657 1.0892424 1.9760578 
Huygens-pt-2_118|2022-05-04 2.5276766 1.2859748 0.0000000 0.0000010 3.2980623 8.9999986 0.2576833 0.7240548 1.2749665 2.2167338 3.0695623 6.5098859 2.3669396 8.9999990 
Huygens-pt-2_123|2022-05-09 2.4541339 1.2816929 0.0000010 0.0000000 3.2945054 8.9999986 0.2576833 0.4952212 1.2703735 2.2137835 3.0695623 6.4824171 1.5159410 8.9999990 
Huygens-pt-2_131|2022-05-17 2.5052718 0.7751133 3.2980623 3.2945054 0.0000000 1.1219521 2.7057722 0.7910714 0.7929105 0.3107448 0.4025718 1.0718658 0.3846582 0.6586130 
Huygens-pt-2_139|2022-05-25 2.6973654 2.2102449 8.9999986 8.9999986 1.1219521 0.0000000 4.7101196 1.9263180 1.9290037 0.7617078 0.7649101 1.5262456 0.8733485 0.7602263 
Huygens-pt-2_160|2022-06-15 2.5543239 1.3850213 0.2576833 0.2576833 2.7057722 4.7101196 0.0000000 1.3817841 1.3847778 2.5522043 2.5568472 5.2276180 2.1130538 4.3128762 
Huygens-pt-2_25|2022-01-31  2.1507596 0.3085768 0.7240548 0.4952212 0.7910714 1.9263180 1.3817841 0.0000000 0.0000010 0.2750531 0.4380483 0.9259810 0.2636450 1.2471556 
Huygens-pt-2_32|2022-02-07  2.2767307 0.3102156 1.2749665 1.2703735 0.7929105 1.9290037 1.3847778 0.0000010 0.0000000 0.3553717 0.4440028 1.8294820 0.3553717 1.2887182 
Huygens-pt-2_40|2022-02-15  2.2971274 1.0924471 2.2167338 2.2137835 0.3107448 0.7617078 2.5522043 0.2750531 0.3553717 0.0000000 0.0000010 0.0000010 0.0000010 0.0000010 
Huygens-pt-2_53|2022-02-28  2.3969266 1.4343806 3.0695623 3.0695623 0.4025718 0.7649101 2.5568472 0.4380483 0.4440028 0.0000010 0.0000000 0.0000010 0.0000010 0.0000010 
Huygens-pt-2_62|2022-03-09  2.6187989 2.2501657 6.5098859 6.4824171 1.0718658 1.5262456 5.2276180 0.9259810 1.8294820 0.0000010 0.0000010 0.0000000 0.0000010 0.0000010 
Huygens-pt-2_76|2022-03-23  2.3470591 1.0892424 2.3669396 1.5159410 0.3846582 0.8733485 2.1130538 0.2636450 0.3553717 0.0000010 0.0000010 0.0000010 0.0000000 0.0000010 
Huygens-pt-2_90|2022-04-06  2.5449962 1.9760578 8.9999990 8.9999990 0.6586130 0.7602263 4.3128762 1.2471556 1.2887182 0.0000010 0.0000010 0.0000010 0.0000010 0.0000000 
