9
Choi-pt-1|2020-04-28 0.0000000 0.0000010 0.2273206 0.2273206 0.4128381 0.4128381 0.3338585 0.9118529 0.3316743 
Choi-pt-1|2020-05-05 0.0000010 0.0000000 0.2273206 0.2273206 0.4128381 0.4128381 0.3338585 0.9118529 0.3316743 
Choi-pt-1|2020-06-24 0.2273206 0.2273206 0.0000000 0.0000010 0.2220273 0.2220273 0.1641714 0.4672594 0.2006646 
Choi-pt-1|2020-06-30 0.2273206 0.2273206 0.0000010 0.0000000 0.2220273 0.2220273 0.1641714 0.4672594 0.2006646 
Choi-pt-1|2020-08-16 0.4128381 0.4128381 0.2220273 0.2220273 0.0000000 0.0000010 0.1688802 0.3616086 0.2069660 
Choi-pt-1|2020-08-18 0.4128381 0.4128381 0.2220273 0.2220273 0.0000010 0.0000000 0.1688802 0.3616086 0.2069660 
Choi-pt-1|2020-08-31 0.3338585 0.3338585 0.1641714 0.1641714 0.1688802 0.1688802 0.0000000 0.3462597 0.1484490 
Choi-pt-1|2020-09-03 0.9118529 0.9118529 0.4672594 0.4672594 0.3616086 0.3616086 0.3462597 0.0000000 0.4533342 
Choi-pt-1|2020-09-09 0.3316743 0.3316743 0.2006646 0.2006646 0.2069660 0.2069660 0.1484490 0.4533342 0.0000000 
