8
Brandolini-pt-1_0|2022-04-14  0.0000000 8.9999988 8.9999982 8.9999986 8.9999984 8.9999985 8.9999984 9.0000000 
Brandolini-pt-1_2|2022-04-16  8.9999988 0.0000000 8.9999987 0.0000010 8.9999980 8.9999984 8.9999984 9.0000000 
Brandolini-pt-1_20|2022-05-04 8.9999982 8.9999987 0.0000000 8.9999987 8.9999982 8.9999986 8.9999986 9.0000000 
Brandolini-pt-1_33|2022-05-17 8.9999986 0.0000010 8.9999987 0.0000000 8.9999990 8.9999984 8.9999984 9.0000000 
Brandolini-pt-1_44|2022-05-28 8.9999984 8.9999980 8.9999982 8.9999990 0.0000000 8.9999987 8.9999987 9.0000000 
Brandolini-pt-1_57|2022-06-10 8.9999985 8.9999984 8.9999986 8.9999984 8.9999987 0.0000000 0.0000010 8.9999989 
Brandolini-pt-1_68|2022-06-21 8.9999984 8.9999984 8.9999986 8.9999984 8.9999987 0.0000010 0.0000000 8.9999986 
Brandolini-pt-1_86|2022-07-09 9.0000000 9.0000000 9.0000000 9.0000000 9.0000000 8.9999989 8.9999986 0.0000000 
