8
Lynch-pt-1_0|2020-04-09  0.0000000 0.0000010 0.0000010 0.0061591 0.0045346 0.0115293 0.0631036 9.0000000 
Lynch-pt-1_14|2020-04-23 0.0000010 0.0000000 0.0000010 0.0595316 0.0576151 0.0631036 0.0631036 9.0000000 
Lynch-pt-1_18|2020-04-27 0.0000010 0.0000010 0.0000000 0.0105394 0.0099652 0.0115293 0.0631036 9.0000000 
Lynch-pt-1_42|2020-05-21 0.0061591 0.0595316 0.0105394 0.0000000 0.0000010 0.0000010 0.0000010 0.4370231 
Lynch-pt-1_56|2020-06-04 0.0045346 0.0576151 0.0099652 0.0000010 0.0000000 0.0000010 0.0000010 0.4370231 
Lynch-pt-1_63|2020-06-11 0.0115293 0.0631036 0.0115293 0.0000010 0.0000010 0.0000000 0.0000010 0.4370231 
Lynch-pt-1_71|2020-06-19 0.0631036 0.0631036 0.0631036 0.0000010 0.0000010 0.0000010 0.0000000 0.4370231 
Lynch-pt-1_77|2020-06-25 9.0000000 9.0000000 9.0000000 0.4370231 0.4370231 0.4370231 0.4370231 0.0000000 
