11
Lee-pt-11|2020-04-22 0.0000000 0.0000010 0.0000010 0.0000010 0.0000010 0.0000010 0.0000010 0.0138230 0.0000010 0.0000010 0.0007342 
Lee-pt-11|2020-05-01 0.0000010 0.0000000 0.0000010 0.0000010 0.0000010 0.0000010 0.0000010 0.0138230 0.0000010 0.0000010 0.0007342 
Lee-pt-11|2020-05-27 0.0000010 0.0000010 0.0000000 0.0000010 0.0000010 0.0000010 0.0000010 0.0138230 0.0000010 0.0000010 0.0007342 
Lee-pt-11|2020-06-12 0.0000010 0.0000010 0.0000010 0.0000000 0.0000010 0.0000010 0.0000010 0.0167684 0.0000010 0.0000010 0.0007342 
Lee-pt-11|2020-06-14 0.0000010 0.0000010 0.0000010 0.0000010 0.0000000 0.0000010 0.0000010 0.0167684 0.0000010 0.0000010 0.0007342 
Lee-pt-11|2020-06-16 0.0000010 0.0000010 0.0000010 0.0000010 0.0000010 0.0000000 0.0000010 0.0167684 0.0000010 0.0000010 0.0007342 
Lee-pt-11|2020-06-18 0.0000010 0.0000010 0.0000010 0.0000010 0.0000010 0.0000010 0.0000000 0.0167684 0.0000010 0.0000010 0.0007342 
Lee-pt-11|2020-05-07 0.0138230 0.0138230 0.0138230 0.0167684 0.0167684 0.0167684 0.0167684 0.0000000 0.0216009 0.0143791 9.0000000 
Lee-pt-11|2020-05-26 0.0000010 0.0000010 0.0000010 0.0000010 0.0000010 0.0000010 0.0000010 0.0216009 0.0000000 0.0000010 0.0007342 
Lee-pt-11|2020-05-13 0.0000010 0.0000010 0.0000010 0.0000010 0.0000010 0.0000010 0.0000010 0.0143791 0.0000010 0.0000000 0.0007342 
Lee-pt-11|2020-06-25 0.0007342 0.0007342 0.0007342 0.0007342 0.0007342 0.0007342 0.0007342 9.0000000 0.0007342 0.0007342 0.0000000 
