10
NC_045512.2|2019-12-30 0.0000000 0.1486694 0.1486694 0.4098498 0.4098498 0.6192539 0.6192539 0.5251339 1.2163848 0.5356385 
Choi-pt-1|2020-04-28   0.1486694 0.0000000 0.0000010 0.1908538 0.1908538 0.3394434 0.3394434 0.2777472 0.6304704 0.2731523 
Choi-pt-1|2020-05-05   0.1486694 0.0000010 0.0000000 0.1908538 0.1908538 0.3394434 0.3394434 0.2777472 0.6304704 0.2731523 
Choi-pt-1|2020-06-24   0.4098498 0.1908538 0.1908538 0.0000000 0.0000010 0.1847679 0.1847679 0.1379611 0.3371682 0.1665865 
Choi-pt-1|2020-06-30   0.4098498 0.1908538 0.1908538 0.0000010 0.0000000 0.1847679 0.1847679 0.1379611 0.3371682 0.1665865 
Choi-pt-1|2020-08-16   0.6192539 0.3394434 0.3394434 0.1847679 0.1847679 0.0000000 0.0000010 0.1413047 0.2640812 0.1709470 
Choi-pt-1|2020-08-18   0.6192539 0.3394434 0.3394434 0.1847679 0.1847679 0.0000010 0.0000000 0.1413047 0.2640812 0.1709470 
Choi-pt-1|2020-08-31   0.5251339 0.2777472 0.2777472 0.1379611 0.1379611 0.1413047 0.1413047 0.0000000 0.2556074 0.1239086 
Choi-pt-1|2020-09-03   1.2163848 0.6304704 0.6304704 0.3371682 0.3371682 0.2640812 0.2640812 0.2556074 0.0000000 0.3204559 
Choi-pt-1|2020-09-09   0.5356385 0.2731523 0.2731523 0.1665865 0.1665865 0.1709470 0.1709470 0.1239086 0.3204559 0.0000000 
