10
NC_045512.2|2019-12-30 0.0000000 0.1486696 0.1486696 0.4098511 0.4098511 0.6192576 0.6192576 0.5251362 1.2163946 0.5356412 
Choi-pt-1|2020-04-28   0.1486696 0.0000000 0.0000010 0.1908541 0.1908541 0.3394447 0.3394447 0.2777479 0.6304749 0.2731531 
Choi-pt-1|2020-05-05   0.1486696 0.0000010 0.0000000 0.1908541 0.1908541 0.3394447 0.3394447 0.2777479 0.6304749 0.2731531 
Choi-pt-1|2020-06-24   0.4098511 0.1908541 0.1908541 0.0000000 0.0000010 0.1847684 0.1847684 0.1379613 0.3371699 0.1665868 
Choi-pt-1|2020-06-30   0.4098511 0.1908541 0.1908541 0.0000010 0.0000000 0.1847684 0.1847684 0.1379613 0.3371699 0.1665868 
Choi-pt-1|2020-08-16   0.6192576 0.3394447 0.3394447 0.1847684 0.1847684 0.0000000 0.0000010 0.1413050 0.2640822 0.1709474 
Choi-pt-1|2020-08-18   0.6192576 0.3394447 0.3394447 0.1847684 0.1847684 0.0000010 0.0000000 0.1413050 0.2640822 0.1709474 
Choi-pt-1|2020-08-31   0.5251362 0.2777479 0.2777479 0.1379613 0.1379613 0.1413050 0.1413050 0.0000000 0.2556083 0.1239087 
Choi-pt-1|2020-09-03   1.2163946 0.6304749 0.6304749 0.3371699 0.3371699 0.2640822 0.2640822 0.2556083 0.0000000 0.3204574 
Choi-pt-1|2020-09-09   0.5356412 0.2731531 0.2731531 0.1665868 0.1665868 0.1709474 0.1709474 0.1239087 0.3204574 0.0000000 
