9
NC_045512.2|2019-12-30  0.0000000 0.1145742 0.2027302 0.3155470 0.6988471 0.7605897 0.7128583 0.9725848 0.3541837 
Lee-pt-4_0|2020-04-01   0.1145742 0.0000000 0.0769238 0.1763107 0.6252603 0.7044739 0.6818159 0.8567125 0.1203680 
Lee-pt-4_148|2020-08-27 0.2027302 0.0769238 0.0000000 0.1327230 0.7645312 0.8437275 0.8130475 0.9537069 0.2906219 
Lee-pt-4_175|2020-09-23 0.3155470 0.1763107 0.1327230 0.0000000 1.6631863 1.6470704 1.8250072 1.8020924 1.7646847 
Lee-pt-4_294|2021-01-20 0.6988471 0.6252603 0.7645312 1.6631863 0.0000000 0.0330822 0.0343098 0.1090168 1.5474854 
Lee-pt-4_327|2021-02-22 0.7605897 0.7044739 0.8437275 1.6470704 0.0330822 0.0000000 0.0708903 0.1238638 1.5782843 
Lee-pt-4_331|2021-02-26 0.7128583 0.6818159 0.8130475 1.8250072 0.0343098 0.0708903 0.0000000 0.0653536 1.7036521 
Lee-pt-4_342|2021-03-09 0.9725848 0.8567125 0.9537069 1.8020924 0.1090168 0.1238638 0.0653536 0.0000000 1.7132928 
Lee-pt-4_37|2020-05-08  0.3541837 0.1203680 0.2906219 1.7646847 1.5474854 1.5782843 1.7036521 1.7132928 0.0000000 
