9
NC_045512.2|2019-12-30  0.0000000 0.1170953 0.2080319 0.3262905 0.7451499 0.8116174 0.7666899 1.0557739 0.3676149 
Lee-pt-4_0|2020-04-01   0.1170953 0.0000000 0.0784361 0.1805451 0.6689178 0.7553248 0.7365969 0.9372626 0.1231355 
Lee-pt-4_148|2020-08-27 0.2080319 0.0784361 0.0000000 0.1356546 0.8213744 0.9046942 0.8819067 1.0313657 0.2997971 
Lee-pt-4_175|2020-09-23 0.3262905 0.1805451 0.1356546 0.0000000 1.7622431 1.7328568 1.9404070 1.9009622 1.8135147 
Lee-pt-4_294|2021-01-20 0.7451499 0.6689178 0.8213744 1.7622431 0.0000000 0.0336742 0.0349400 0.1114592 1.6591848 
Lee-pt-4_327|2021-02-22 0.8116174 0.7553248 0.9046942 1.7328568 0.0336742 0.0000000 0.0723051 0.1267281 1.6850674 
Lee-pt-4_331|2021-02-26 0.7666899 0.7365969 0.8819067 1.9404070 0.0349400 0.0723051 0.0000000 0.0666465 1.8366395 
Lee-pt-4_342|2021-03-09 1.0557739 0.9372626 1.0313657 1.9009622 0.1114592 0.1267281 0.0666465 0.0000000 1.8233568 
Lee-pt-4_37|2020-05-08  0.3676149 0.1231355 0.2997971 1.8135147 1.6591848 1.6850674 1.8366395 1.8233568 0.0000000 
