7
Rockett-pt-2_11|2021-10-18 0.0000000 0.0027643 0.0038324 0.0046132 0.0839722 0.0046132 0.0046132 
Rockett-pt-2_0|2021-10-07  0.0027643 0.0000000 0.0000010 0.0017268 0.0165087 0.0017268 0.0017268 
Rockett-pt-2_4|2021-10-11  0.0038324 0.0000010 0.0000000 0.0023367 0.0256779 0.0011676 0.0011676 
Rockett-pt-2_7|2021-10-14  0.0046132 0.0017268 0.0023367 0.0000000 0.0333997 0.0034578 0.0034578 
Rockett-pt-2_20|2021-10-27 0.0839722 0.0165087 0.0256779 0.0333997 0.0000000 0.0248885 0.0248885 
Rockett-pt-2_26|2021-11-02 0.0046132 0.0017268 0.0011676 0.0034578 0.0248885 0.0000000 0.0000010 
Rockett-pt-2_30|2021-11-06 0.0046132 0.0017268 0.0011676 0.0034578 0.0248885 0.0000010 0.0000000 
