6
Rockett-pt-4_9|2021-09-07  0.0000000 8.9999987 0.0000010 8.9999987 8.9999987 8.9999987 
Rockett-pt-4_14|2021-09-12 8.9999987 0.0000000 8.9999987 8.9999984 9.0000000 8.9999985 
Rockett-pt-4_18|2021-09-16 0.0000010 8.9999987 0.0000000 8.9999987 8.9999987 8.9999987 
Rockett-pt-4_30|2021-09-28 8.9999987 8.9999984 8.9999987 0.0000000 8.9999987 8.9999987 
Rockett-pt-4_39|2021-10-07 8.9999987 9.0000000 8.9999987 8.9999987 0.0000000 9.0000000 
Rockett-pt-4_40|2021-10-08 8.9999987 8.9999985 8.9999987 8.9999987 9.0000000 0.0000000 
