9
NC_045512.2|2019-12-30        0.0000000 2.4622470 2.5403850 2.3872443 2.4992784 2.3694365 2.5677508 2.5296049 2.6128352 
Brandolini-pt-1_0|2022-04-14  2.4622470 0.0000000 0.2455083 8.9999984 0.1987518 0.8578328 1.7753442 1.5390685 2.3526654 
Brandolini-pt-1_2|2022-04-16  2.5403850 0.2455083 0.0000000 4.0444993 0.0000010 1.4514948 1.6650408 1.6650408 2.4034832 
Brandolini-pt-1_20|2022-05-04 2.3872443 8.9999984 4.0444993 0.0000000 4.0444993 0.4157324 4.5195961 4.5195961 4.0202811 
Brandolini-pt-1_33|2022-05-17 2.4992784 0.1987518 0.0000010 4.0444993 0.0000000 1.0795220 1.5889762 1.4416469 2.2342402 
Brandolini-pt-1_44|2022-05-28 2.3694365 0.8578328 1.4514948 0.4157324 1.0795220 0.0000000 2.7363036 2.4940503 2.9217979 
Brandolini-pt-1_57|2022-06-10 2.5677508 1.7753442 1.6650408 4.5195961 1.5889762 2.7363036 0.0000000 0.0000010 1.8817721 
Brandolini-pt-1_68|2022-06-21 2.5296049 1.5390685 1.6650408 4.5195961 1.4416469 2.4940503 0.0000010 0.0000000 1.7261507 
Brandolini-pt-1_86|2022-07-09 2.6128352 2.3526654 2.4034832 4.0202811 2.2342402 2.9217979 1.8817721 1.7261507 0.0000000 
