9
NC_045512.2|2019-12-30        0.0000000 2.4502808 2.5267849 2.3755728 2.4863690 2.3575875 2.5520817 2.5145495 2.5980927 
Brandolini-pt-1_0|2022-04-14  2.4502808 0.0000000 0.2452402 8.9999984 0.1984221 0.8718841 1.7536681 1.5196098 2.3409960 
Brandolini-pt-1_2|2022-04-16  2.5267849 0.2452402 0.0000000 4.0761174 0.0000010 1.4796932 1.6443785 1.6443785 2.3915420 
Brandolini-pt-1_20|2022-05-04 2.3755728 8.9999984 4.0761174 0.0000000 4.0761174 0.4163786 4.4933936 4.4933936 4.0074550 
Brandolini-pt-1_33|2022-05-17 2.4863690 0.1984221 0.0000010 4.0761174 0.0000000 1.0960088 1.5691943 1.4232805 2.2238649 
Brandolini-pt-1_44|2022-05-28 2.3575875 0.8718841 1.4796932 0.4163786 1.0960088 0.0000000 2.7188139 2.4789115 2.9119449 
Brandolini-pt-1_57|2022-06-10 2.5520817 1.7536681 1.6443785 4.4933936 1.5691943 2.7188139 0.0000000 0.0000010 1.8881932 
Brandolini-pt-1_68|2022-06-21 2.5145495 1.5196098 1.6443785 4.4933936 1.4232805 2.4789115 0.0000010 0.0000000 1.7323350 
Brandolini-pt-1_86|2022-07-09 2.5980927 2.3409960 2.3915420 4.0074550 2.2238649 2.9119449 1.8881932 1.7323350 0.0000000 
