16
Cuiffreda-pt-1|2020-04-23  0.0000000 0.0000010 0.4591742 0.5205127 1.0538953 1.1743580 0.3643887 0.9899433 0.1933388 0.4603789 0.3915666 0.4230269 0.2610482 0.4583011 0.1142908 0.1681514 
Cuiffreda-pt-1|2020-04-26  0.0000010 0.0000000 0.3149449 0.5417676 1.0313800 1.1256678 0.3377243 0.7718243 0.1900387 0.4452906 0.3934361 0.2944063 0.2654981 0.3312464 0.1074802 0.0579616 
Cuiffreda-pt-1|2020-07-31  0.4591742 0.3149449 0.0000000 0.0690511 0.9432632 0.9458958 0.0000010 0.5829304 0.3766469 0.0000010 0.0000010 0.0000010 0.4275602 0.0292428 0.2714163 0.2903639 
Cuiffreda-pt-1|2020-08-10  0.5205127 0.5417676 0.0690511 0.0000000 1.0995921 1.1627803 0.0000010 1.0830887 0.4672637 0.0000010 0.0000010 0.0666906 0.5334918 0.1371106 0.3866589 1.0736561 
Cuiffreda-pt-1b|2020-07-10 1.0538953 1.0313800 0.9432632 1.0995921 0.0000000 1.2617180 0.8360555 1.1850154 0.9261009 1.0120595 0.9098698 0.8727112 1.1385832 0.8756285 1.0902693 1.4705844 
Cuiffreda-pt-1|2020-06-03  1.1743580 1.1256678 0.9458958 1.1627803 1.2617180 0.0000000 0.8740943 1.2625090 1.0378617 0.9756271 0.9239710 0.8612062 1.2158788 0.8691285 1.1421671 1.6815064 
Cuiffreda-pt-1|2020-06-21  0.3643887 0.3377243 0.0000010 0.0000010 0.8360555 0.8740943 0.0000000 0.6947016 0.3153360 0.0000010 0.0000010 0.0000010 0.3980854 0.0360023 0.2692673 0.3990884 
Cuiffreda-pt-1|2020-08-28  0.9899433 0.7718243 0.5829304 1.0830887 1.1850154 1.2625090 0.6947016 0.0000000 0.8385268 0.8622795 0.7717451 0.5391500 0.9827134 0.5118205 0.8741575 0.6730421 
Cuiffreda-pt-1|2020-04-28  0.1933388 0.1900387 0.3766469 0.4672637 0.9261009 1.0378617 0.3153360 0.8385268 0.0000000 0.4084555 0.3405698 0.3484317 0.0000010 0.3814655 0.1006793 0.2816072 
Cuiffreda-pt-1|2020-06-24  0.4603789 0.4452906 0.0000010 0.0000010 1.0120595 0.9756271 0.0000010 0.8622795 0.4084555 0.0000000 0.0000010 0.0000010 0.4643667 0.0486542 0.3292285 0.6137506 
Cuiffreda-pt-1|2020-08-26  0.3915666 0.3934361 0.0000010 0.0000010 0.9098698 0.9239710 0.0000010 0.7717451 0.3405698 0.0000010 0.0000000 0.0000010 0.4138444 0.0412197 0.2857563 0.4937991 
Cuiffreda-pt-1|2020-06-02  0.4230269 0.2944063 0.0000010 0.0666906 0.8727112 0.8612062 0.0000010 0.5391500 0.3484317 0.0000010 0.0000010 0.0000000 0.3915040 0.0269171 0.2558589 0.2562887 
Cuiffreda-pt-1|2020-05-04  0.2610482 0.2654981 0.4275602 0.5334918 1.1385832 1.2158788 0.3980854 0.9827134 0.0000010 0.4643667 0.4138444 0.3915040 0.0000000 0.4364294 0.1254282 0.3378236 
Cuiffreda-pt-1a|2020-07-10 0.4583011 0.3312464 0.0292428 0.1371106 0.8756285 0.8691285 0.0360023 0.5118205 0.3814655 0.0486542 0.0412197 0.0269171 0.4364294 0.0000000 0.3052244 0.2503249 
Cuiffreda-pt-1|2020-04-21  0.1142908 0.1074802 0.2714163 0.3866589 1.0902693 1.1421671 0.2692673 0.8741575 0.1006793 0.3292285 0.2857563 0.2558589 0.1254282 0.3052244 0.0000000 0.0935593 
Cuiffreda-pt-1|2020-05-02  0.1681514 0.0579616 0.2903639 1.0736561 1.4705844 1.6815064 0.3990884 0.6730421 0.2816072 0.6137506 0.4937991 0.2562887 0.3378236 0.2503249 0.0935593 0.0000000 
