16
Cuiffreda-pt-1|2020-04-23  0.0000000 0.0000010 0.4591748 0.5205134 1.0538942 1.1743601 0.3643894 0.9899436 0.1933393 0.4603796 0.3915673 0.4230276 0.2610489 0.4583017 0.1142912 0.1681519 
Cuiffreda-pt-1|2020-04-26  0.0000010 0.0000000 0.3149456 0.5417682 1.0313790 1.1256698 0.3377251 0.7718250 0.1900393 0.4452914 0.3934369 0.2944070 0.2654988 0.3312471 0.1074806 0.0579618 
Cuiffreda-pt-1|2020-07-31  0.4591748 0.3149456 0.0000000 0.0690514 0.9432628 0.9458975 0.0000010 0.5829314 0.3766475 0.0000010 0.0000010 0.0000010 0.4275609 0.0292429 0.2714170 0.2903646 
Cuiffreda-pt-1|2020-08-10  0.5205134 0.5417682 0.0690514 0.0000000 1.0995916 1.1627827 0.0000010 1.0830894 0.4672644 0.0000010 0.0000010 0.0666908 0.5334925 0.1371110 0.3866596 1.0736548 
Cuiffreda-pt-1b|2020-07-10 1.0538942 1.0313790 0.9432628 1.0995916 0.0000000 1.2617173 0.8360555 1.1850124 0.9261003 1.0120592 0.9098697 0.8727109 1.1385819 0.8756283 1.0902679 1.4705807 
Cuiffreda-pt-1|2020-06-03  1.1743601 1.1256698 0.9458975 1.1627827 1.2617173 0.0000000 0.8740960 1.2625102 1.0378635 0.9756290 0.9239727 0.8612078 1.2158811 0.8691300 1.1421695 1.6815122 
Cuiffreda-pt-1|2020-06-21  0.3643894 0.3377251 0.0000010 0.0000010 0.8360555 0.8740960 0.0000000 0.6947026 0.3153367 0.0000010 0.0000010 0.0000010 0.3980862 0.0360025 0.2692679 0.3990891 
Cuiffreda-pt-1|2020-08-28  0.9899436 0.7718250 0.5829314 1.0830894 1.1850124 1.2625102 0.6947026 0.0000000 0.8385273 0.8622805 0.7717460 0.5391509 0.9827140 0.5118214 0.8741582 0.6730428 
Cuiffreda-pt-1|2020-04-28  0.1933393 0.1900393 0.3766475 0.4672644 0.9261003 1.0378635 0.3153367 0.8385273 0.0000000 0.4084563 0.3405705 0.3484324 0.0000010 0.3814661 0.1006796 0.2816078 
Cuiffreda-pt-1|2020-06-24  0.4603796 0.4452914 0.0000010 0.0000010 1.0120592 0.9756290 0.0000010 0.8622805 0.4084563 0.0000000 0.0000010 0.0000010 0.4643675 0.0486544 0.3292292 0.6137511 
Cuiffreda-pt-1|2020-08-26  0.3915673 0.3934369 0.0000010 0.0000010 0.9098697 0.9239727 0.0000010 0.7717460 0.3405705 0.0000010 0.0000000 0.0000010 0.4138451 0.0412199 0.2857570 0.4937997 
Cuiffreda-pt-1|2020-06-02  0.4230276 0.2944070 0.0000010 0.0666908 0.8727109 0.8612078 0.0000010 0.5391509 0.3484324 0.0000010 0.0000010 0.0000000 0.3915047 0.0269172 0.2558595 0.2562894 
Cuiffreda-pt-1|2020-05-04  0.2610489 0.2654988 0.4275609 0.5334925 1.1385819 1.2158811 0.3980862 0.9827140 0.0000010 0.4643675 0.4138451 0.3915047 0.0000000 0.4364302 0.1254286 0.3378244 
Cuiffreda-pt-1a|2020-07-10 0.4583017 0.3312471 0.0292429 0.1371110 0.8756283 0.8691300 0.0360025 0.5118214 0.3814661 0.0486544 0.0412199 0.0269172 0.4364302 0.0000000 0.3052251 0.2503255 
Cuiffreda-pt-1|2020-04-21  0.1142912 0.1074806 0.2714170 0.3866596 1.0902679 1.1421695 0.2692679 0.8741582 0.1006796 0.3292292 0.2857570 0.2558595 0.1254286 0.3052251 0.0000000 0.0935596 
Cuiffreda-pt-1|2020-05-02  0.1681519 0.0579618 0.2903646 1.0736548 1.4705807 1.6815122 0.3990891 0.6730428 0.2816078 0.6137511 0.4937997 0.2562894 0.3378244 0.2503255 0.0935596 0.0000000 
