16
Cuiffreda-pt-1|2020-04-23  0.0000000 0.0000010 0.4591339 0.5204726 1.0539027 1.1742191 0.3643477 0.9898945 0.1933096 0.4603371 0.3915249 0.4229860 0.2610123 0.4582605 0.1142720 0.1681255 
Cuiffreda-pt-1|2020-04-26  0.0000010 0.0000000 0.3149055 0.5417281 1.0313837 1.1255361 0.3376841 0.7717629 0.1900099 0.4452488 0.3933945 0.2943681 0.2654618 0.3312063 0.1074624 0.0579517 
Cuiffreda-pt-1|2020-07-31  0.4591339 0.3149055 0.0000000 0.0690393 0.9432540 0.9457914 0.0000010 0.5828697 0.3766056 0.0000010 0.0000010 0.0000010 0.4275181 0.0292377 0.2713796 0.2903262 
Cuiffreda-pt-1|2020-08-10  0.5204726 0.5417281 0.0690393 0.0000000 1.0995948 1.1626524 0.0000010 1.0830388 0.4672217 0.0000010 0.0000010 0.0666792 0.5334519 0.1370884 0.3866167 1.0736954 
Cuiffreda-pt-1b|2020-07-10 1.0539027 1.0313837 0.9432540 1.0995948 0.0000000 1.2616506 0.8360298 1.1850767 0.9260904 1.0120517 0.9098514 0.8726939 1.1386032 0.8756114 1.0902818 1.4706813 
Cuiffreda-pt-1|2020-06-03  1.1742191 1.1255361 0.9457914 1.1626524 1.2616506 0.0000000 0.8739960 1.2623832 1.0377408 0.9755201 0.9238683 0.8611088 1.2157331 0.8690366 1.1419962 1.6811912 
Cuiffreda-pt-1|2020-06-21  0.3643477 0.3376841 0.0000010 0.0000010 0.8360298 0.8739960 0.0000000 0.6946403 0.3152967 0.0000010 0.0000010 0.0000010 0.3980436 0.0359961 0.2692309 0.3990477 
Cuiffreda-pt-1|2020-08-28  0.9898945 0.7717629 0.5828697 1.0830388 1.1850767 1.2623832 0.6946403 0.0000000 0.8384723 0.8622184 0.7716838 0.5390904 0.9826545 0.5117629 0.8740880 0.6729790 
Cuiffreda-pt-1|2020-04-28  0.1933096 0.1900099 0.3766056 0.4672217 0.9260904 1.0377408 0.3152967 0.8384723 0.0000000 0.4084134 0.3405293 0.3483912 0.0000010 0.3814241 0.1006626 0.2815702 
Cuiffreda-pt-1|2020-06-24  0.4603371 0.4452488 0.0000010 0.0000010 1.0120517 0.9755201 0.0000010 0.8622184 0.4084134 0.0000000 0.0000010 0.0000010 0.4643249 0.0486459 0.3291883 0.6137176 
Cuiffreda-pt-1|2020-08-26  0.3915249 0.3933945 0.0000010 0.0000010 0.9098514 0.9238683 0.0000010 0.7716838 0.3405293 0.0000010 0.0000000 0.0000010 0.4138022 0.0412126 0.2857186 0.4937599 
Cuiffreda-pt-1|2020-06-02  0.4229860 0.2943681 0.0000010 0.0666792 0.8726939 0.8611088 0.0000010 0.5390904 0.3483912 0.0000010 0.0000010 0.0000000 0.3914622 0.0269125 0.2558235 0.2562536 
Cuiffreda-pt-1|2020-05-04  0.2610123 0.2654618 0.4275181 0.5334519 1.1386032 1.2157331 0.3980436 0.9826545 0.0000010 0.4643249 0.4138022 0.3914622 0.0000000 0.4363875 0.1254076 0.3377839 
Cuiffreda-pt-1a|2020-07-10 0.4582605 0.3312063 0.0292377 0.1370884 0.8756114 0.8690366 0.0359961 0.5117629 0.3814241 0.0486459 0.0412126 0.0269125 0.4363875 0.0000000 0.3051855 0.2502903 
Cuiffreda-pt-1|2020-04-21  0.1142720 0.1074624 0.2713796 0.3866167 1.0902818 1.1419962 0.2692309 0.8740880 0.1006626 0.3291883 0.2857186 0.2558235 0.1254076 0.3051855 0.0000000 0.0935438 
Cuiffreda-pt-1|2020-05-02  0.1681255 0.0579517 0.2903262 1.0736954 1.4706813 1.6811912 0.3990477 0.6729790 0.2815702 0.6137176 0.4937599 0.2562536 0.3377839 0.2502903 0.0935438 0.0000000 
