31
NC_045512.2|2019-12-30  0.0000000 0.4492177 0.5898487 0.6323135 0.6323135 0.6216880 0.4957808 0.4072498 0.4805262 0.5957979 0.7322610 1.2600157 1.1697825 1.2362365 0.4943936 0.6795522 0.6641451 0.6580857 0.7320353 0.8315887 0.7555176 0.7049324 0.8232937 0.5407583 0.6260693 0.7990907 1.2231437 0.8935811 0.8955398 1.1189824 0.9503796 
Chaguza-pt-1|2021-09-13 0.4492177 0.0000000 0.1241853 0.1117536 0.1117536 0.1327962 0.0334043 0.0334379 0.0162993 0.0540843 0.0000028 0.8941607 0.7921482 0.8504999 0.0184028 0.0331529 0.0331529 0.0162742 0.0000028 0.0000028 0.2604937 0.1645994 0.2480369 0.0331805 0.0710516 0.0175425 0.0603543 0.4309920 0.5243293 0.8048984 0.0571627 
Chaguza-pt-1|2021-09-27 0.5898487 0.1241853 0.0000000 0.2685613 0.2685613 0.2934537 0.1873446 0.1037387 0.1642316 0.2432875 0.3508516 0.6225619 0.5621645 0.6247411 0.2101313 0.2907574 0.2708151 0.2665485 0.3507131 0.4068166 0.0371028 0.0000020 0.0740171 0.0000025 0.0172547 0.3855548 0.6478563 0.2363948 0.6520849 0.8904923 0.5045613 
Chaguza-pt-1|2021-02-08 0.6323135 0.1117536 0.2685613 0.0000000 0.0000010 0.0161118 0.0162253 0.1339485 0.0904977 0.1404127 0.3499266 1.0711634 0.9716841 1.0327418 0.1254128 0.2856719 0.2644760 0.2601227 0.3497788 0.4449230 0.5587779 0.4517335 0.5628266 0.1720593 0.2428412 0.3856981 0.7312376 0.6914065 0.6986481 0.9704404 0.5536430 
Chaguza-pt-1|2021-02-18 0.6323135 0.1117536 0.2685613 0.0000010 0.0000000 0.0161118 0.0162253 0.1339485 0.0904977 0.1404127 0.3499266 1.0711634 0.9716841 1.0327418 0.1254128 0.2856719 0.2644760 0.2601227 0.3497788 0.4449230 0.5587779 0.4517335 0.5628266 0.1720593 0.2428412 0.3856981 0.7312376 0.6914065 0.6986481 0.9704404 0.5536430 
Chaguza-pt-1|2021-02-26 0.6216880 0.1327962 0.2934537 0.0161118 0.0161118 0.0000000 0.0163877 0.1355899 0.0915559 0.1635322 0.3465111 1.0801519 0.9829187 1.0408343 0.1269834 0.2625795 0.2626972 0.2584591 0.3463677 0.4379575 0.5843165 0.4801472 0.5874006 0.1942971 0.2664471 0.3810133 0.7031832 0.7097439 0.6915151 0.9735251 0.5427294 
Chaguza-pt-1|2021-03-05 0.4957808 0.0334043 0.1873446 0.0162253 0.0162253 0.0163877 0.0000000 0.0691242 0.0000024 0.0350983 0.2215165 0.9514517 0.8626954 0.9148674 0.0561738 0.1625617 0.1436469 0.1420482 0.2214238 0.2851946 0.4456427 0.3421813 0.4534222 0.1041991 0.1665374 0.2424103 0.4697819 0.5924447 0.5721404 0.8636440 0.3873825 
Chaguza-pt-1|2021-04-05 0.4072498 0.0334379 0.1037387 0.1339485 0.1339485 0.1355899 0.0691242 0.0000000 0.0505293 0.0932630 0.2509758 0.7830595 0.7066973 0.7555369 0.0573755 0.1887657 0.1688218 0.1667202 0.2508670 0.3245349 0.1839389 0.1579664 0.2413962 0.0876383 0.1502507 0.2759840 0.5818211 0.3511540 0.5047991 0.7679996 0.4340123 
Chaguza-pt-1|2021-05-03 0.4805262 0.0162993 0.1642316 0.0904977 0.0904977 0.0915559 0.0000024 0.0505293 0.0000000 0.0000021 0.2203242 0.9843438 0.8913379 0.9465762 0.0365024 0.1616309 0.1428131 0.1412349 0.2202323 0.2835667 0.4114525 0.3101669 0.4202805 0.0673187 0.1445809 0.2410298 0.4676171 0.5611736 0.5548589 0.8391370 0.3856875 
Chaguza-pt-1|2021-05-24 0.5957979 0.0540843 0.2432875 0.1404127 0.1404127 0.1635322 0.0350983 0.0932630 0.0000021 0.0000000 0.2827093 1.0897405 0.9919741 1.0524854 0.0814502 0.2183976 0.1975129 0.1947711 0.2825853 0.3650002 0.5240430 0.4181170 0.5292289 0.1308071 0.2191082 0.3111789 0.6205891 0.6605177 0.6642727 0.9361651 0.4760133 
Chaguza-pt-1|2021-06-28 0.7322610 0.0000028 0.3508516 0.3499266 0.3499266 0.3465111 0.2215165 0.2509758 0.2203242 0.2827093 0.0000000 1.1321962 1.0512397 1.1023603 0.1376349 0.0847252 0.0847606 0.0000027 0.0000010 0.0000021 0.6952247 0.6162583 0.6944613 0.1562037 0.3421340 0.0174133 0.0907898 0.7821559 0.7961334 0.9986763 0.0971870 
Chaguza-pt-1|2022-02-10 1.2600157 0.8941607 0.6225619 1.0711634 1.0711634 1.0801519 0.9514517 0.7830595 0.9843438 1.0897405 1.1321962 0.0000000 0.1126695 0.1446496 1.0959399 1.1446704 1.1462472 1.1068021 1.1319818 1.2734469 0.7711377 0.7359258 0.4497852 0.5481925 0.4024814 1.2083006 1.3613347 0.2184009 1.2042573 1.3180661 1.2564571 
Chaguza-pt-1|2022-02-23 1.1697825 0.7921482 0.5621645 0.9716841 0.9716841 0.9829187 0.8626954 0.7066973 0.8913379 0.9919741 1.0512397 0.1126695 0.0000000 0.0000029 0.9967041 1.0542043 1.0530764 1.0200193 1.0510412 1.1800067 0.6866857 0.6673502 0.3885092 0.4771372 0.3579402 1.1190048 1.3486700 0.1990823 1.1196466 1.2931116 1.1704218 
Chaguza-pt-1|2022-03-07 1.2362365 0.8504999 0.6247411 1.0327418 1.0327418 1.0408343 0.9148674 0.7555369 0.9465762 1.0524854 1.1023603 0.1446496 0.0000029 0.0000000 1.0579437 1.1111118 1.1119038 1.0742379 1.1021485 1.2413814 0.7698267 0.7400845 0.4352665 0.5371990 0.4066704 1.1752900 1.4257835 0.2353227 1.1439863 1.3499609 1.1908811 
Chaguza-pt-1|2021-04-19 0.4943936 0.0184028 0.2101313 0.1254128 0.1254128 0.1269834 0.0561738 0.0573755 0.0365024 0.0814502 0.1376349 1.0959399 0.9967041 1.0579437 0.0000000 0.0761612 0.0566245 0.0561012 0.1375701 0.1646026 0.4238030 0.3577026 0.5276219 0.1163028 0.2076237 0.1787820 0.4912614 0.6614289 0.6501529 0.9239931 0.3023726 
Chaguza-pt-1|2021-06-01 0.6795522 0.0331529 0.2907574 0.2856719 0.2856719 0.2625795 0.1625617 0.1887657 0.1616309 0.2183976 0.0847252 1.1446704 1.0542043 1.1111118 0.0761612 0.0000000 0.0000026 0.0000027 0.0846898 0.1197595 0.6562431 0.5668648 0.6568161 0.1582535 0.2851878 0.1136064 0.3127694 0.7577457 0.7604029 0.9928986 0.2119332 
Chaguza-pt-1|2021-06-14 0.6641451 0.0331529 0.2708151 0.2644760 0.2644760 0.2626972 0.1436469 0.1688218 0.1428131 0.1975129 0.0847606 1.1462472 1.0530764 1.1119038 0.0566245 0.0000026 0.0000000 0.0000029 0.0847252 0.1198177 0.6416923 0.5487235 0.6427311 0.1582534 0.2662043 0.1136588 0.3130014 0.7483157 0.7606240 0.9931237 0.2120366 
Chaguza-pt-1|2021-06-21 0.6580857 0.0162742 0.2665485 0.2601227 0.2601227 0.2584591 0.1420482 0.1667202 0.1412349 0.1947711 0.0000027 1.1068021 1.0200193 1.0742379 0.0561012 0.0000027 0.0000029 0.0000000 0.0000027 0.0184948 0.6232085 0.5338383 0.6247499 0.1382298 0.2622415 0.0355422 0.1255167 0.7286804 0.7384913 0.9623606 0.1192888 
Chaguza-pt-1|2021-07-12 0.7320353 0.0000028 0.3507131 0.3497788 0.3497788 0.3463677 0.2214238 0.2508670 0.2202323 0.2825853 0.0000010 1.1319818 1.0510412 1.1021485 0.1375701 0.0846898 0.0847252 0.0000027 0.0000000 0.0000021 0.6950190 0.6160509 0.6942612 0.1561401 0.3420061 0.0174056 0.0907225 0.7819761 0.7959357 0.9984788 0.0971409 
Chaguza-pt-1|2021-07-25 0.8315887 0.0000028 0.4068166 0.4449230 0.4449230 0.4379575 0.2851946 0.3245349 0.2835667 0.3650002 0.0000021 1.2734469 1.1800067 1.2413814 0.1646026 0.1197595 0.1198177 0.0184948 0.0000021 0.0000000 0.7008412 0.6622323 0.7820668 0.1801150 0.3930461 0.0201491 0.1186032 0.8928933 0.9196006 1.1257340 0.1144279 
Chaguza-pt-1|2021-08-29 0.7555176 0.2604937 0.0371028 0.5587779 0.5587779 0.5843165 0.4456427 0.1839389 0.4114525 0.5240430 0.6952247 0.7711377 0.6866857 0.7698267 0.4238030 0.6562431 0.6416923 0.6232085 0.6950190 0.7008412 0.0000000 0.0180578 0.1314229 0.0575328 0.0833496 0.7542422 1.0661924 0.2541670 0.8471547 1.0541262 0.8937254 
Chaguza-pt-1|2021-09-08 0.7049324 0.1645994 0.0000020 0.4517335 0.4517335 0.4801472 0.3421813 0.1579664 0.3101669 0.4181170 0.6162583 0.7359258 0.6673502 0.7400845 0.3577026 0.5668648 0.5487235 0.5338383 0.6160509 0.6622323 0.0180578 0.0000000 0.0839999 0.0183861 0.0399600 0.6735112 0.9953376 0.2687319 0.7807120 1.0116102 0.8263038 
Chaguza-pt-1|2021-10-04 0.8232937 0.2480369 0.0740171 0.5628266 0.5628266 0.5874006 0.4534222 0.2413962 0.4202805 0.5292289 0.6944613 0.4497852 0.3885092 0.4352665 0.5276219 0.6568161 0.6427311 0.6247499 0.6942612 0.7820668 0.1314229 0.0839999 0.0000000 0.0353346 0.0163328 0.7180988 0.9276455 0.1549900 0.8427631 1.0435452 0.8527611 
Chaguza-pt-1|2021-10-12 0.5407583 0.0331805 0.0000025 0.1720593 0.1720593 0.1942971 0.1041991 0.0876383 0.0673187 0.1308071 0.1562037 0.5481925 0.4771372 0.5371990 0.1163028 0.1582535 0.1582534 0.1382298 0.1561401 0.1801150 0.0575328 0.0183861 0.0353346 0.0000000 0.0173166 0.1709453 0.3297311 0.1701279 0.5918898 0.8353001 0.2458290 
Chaguza-pt-1|2021-10-19 0.6260693 0.0710516 0.0172547 0.2428412 0.2428412 0.2664471 0.1665374 0.1502507 0.1445809 0.2191082 0.3421340 0.4024814 0.3579402 0.4066704 0.2076237 0.2851878 0.2662043 0.2622415 0.3420061 0.3930461 0.0833496 0.0399600 0.0163328 0.0173166 0.0000000 0.3462361 0.5652079 0.1021540 0.6565769 0.8832855 0.4834742 
Chaguza-pt-1|2021-11-03 0.7990907 0.0175425 0.3855548 0.3856981 0.3856981 0.3810133 0.2424103 0.2759840 0.2410298 0.3111789 0.0174133 1.2083006 1.1190048 1.1752900 0.1787820 0.1136064 0.1136588 0.0355422 0.0174056 0.0201491 0.7542422 0.6735112 0.7180988 0.1709453 0.3462361 0.0000000 0.0000024 0.8355819 0.8557763 1.0644726 0.0203069 
Chaguza-pt-1|2021-11-09 1.2231437 0.0603543 0.6478563 0.7312376 0.7312376 0.7031832 0.4697819 0.5818211 0.4676171 0.6205891 0.0907898 1.3613347 1.3486700 1.4257835 0.4912614 0.3127694 0.3130014 0.1255167 0.0907225 0.1186032 1.0661924 0.9953376 0.9276455 0.3297311 0.5652079 0.0000024 0.0000000 1.0283882 1.1988070 1.3203798 0.0000024 
Chaguza-pt-1|2021-11-16 0.8935811 0.4309920 0.2363948 0.6914065 0.6914065 0.7097439 0.5924447 0.3511540 0.5611736 0.6605177 0.7821559 0.2184009 0.1990823 0.2353227 0.6614289 0.7577457 0.7483157 0.7286804 0.7819761 0.8928933 0.2541670 0.2687319 0.1549900 0.1701279 0.1021540 0.8355819 1.0283882 0.0000000 0.9064708 1.0746158 0.9478536 
Chaguza-pt-1|2021-12-27 0.8955398 0.5243293 0.6520849 0.6986481 0.6986481 0.6915151 0.5721404 0.5047991 0.5548589 0.6642727 0.7961334 1.2042573 1.1196466 1.1439863 0.6501529 0.7604029 0.7606240 0.7384913 0.7959357 0.9196006 0.8471547 0.7807120 0.8427631 0.5918898 0.6565769 0.8557763 1.1988070 0.9064708 0.0000000 0.6993510 0.8828605 
Chaguza-pt-1|2021-12-20 1.1189824 0.8048984 0.8904923 0.9704404 0.9704404 0.9735251 0.8636440 0.7679996 0.8391370 0.9361651 0.9986763 1.3180661 1.2931116 1.3499609 0.9239931 0.9928986 0.9931237 0.9623606 0.9984788 1.1257340 1.0541262 1.0116102 1.0435452 0.8353001 0.8832855 1.0644726 1.3203798 1.0746158 0.6993510 0.0000000 1.0706735 
Chaguza-pt-1|2021-12-07 0.9503796 0.0571627 0.5045613 0.5536430 0.5536430 0.5427294 0.3873825 0.4340123 0.3856875 0.4760133 0.0971870 1.2564571 1.1704218 1.1908811 0.3023726 0.2119332 0.2120366 0.1192888 0.0971409 0.1144279 0.8937254 0.8263038 0.8527611 0.2458290 0.4834742 0.0203069 0.0000024 0.9478536 0.8828605 1.0706735 0.0000000 
