9
Perez-Lago-pt-1_0|2020-05-28   0.0000000 0.0238219 0.0124885 0.0021442 0.0172624 0.0107043 0.0201694 0.0215072 0.0130213 
Perez-Lago-pt-1_101|2020-09-06 0.0238219 0.0000000 0.0000010 0.0177792 0.0340194 0.0058330 0.0000020 0.0000027 0.0000010 
Perez-Lago-pt-1_123|2020-09-28 0.0124885 0.0000010 0.0000000 0.0072700 0.0304811 0.0024075 0.0000020 0.0000027 0.0000010 
Perez-Lago-pt-1_20|2020-06-17  0.0021442 0.0177792 0.0072700 0.0000000 0.0057009 0.0059620 0.0142784 0.0175406 0.0092565 
Perez-Lago-pt-1_33|2020-06-30  0.0172624 0.0340194 0.0304811 0.0057009 0.0000000 0.0089719 0.0686043 0.2165248 0.0421092 
Perez-Lago-pt-1_48|2020-07-15  0.0107043 0.0058330 0.0024075 0.0059620 0.0089719 0.0000000 0.0077262 0.0077028 0.0018327 
Perez-Lago-pt-1_60|2020-07-27  0.0201694 0.0000020 0.0000020 0.0142784 0.0686043 0.0077262 0.0000000 0.0000023 0.0000022 
Perez-Lago-pt-1_70|2020-08-06  0.0215072 0.0000027 0.0000027 0.0175406 0.2165248 0.0077028 0.0000023 0.0000000 0.0000027 
Perez-Lago-pt-1_79|2020-08-15  0.0130213 0.0000010 0.0000010 0.0092565 0.0421092 0.0018327 0.0000022 0.0000027 0.0000000 
