9
Rockett-pt-8_0|2021-08-30  0.0000000 0.0000010 0.0000010 0.0061831 0.0016417 0.0021511 0.0028067 0.0022168 0.0007413 
Rockett-pt-8_3|2021-09-02  0.0000010 0.0000000 0.0000010 0.0061831 0.0016417 0.0021511 0.0028067 0.0022168 0.0007413 
Rockett-pt-8_14|2021-09-13 0.0000010 0.0000010 0.0000000 0.0061831 0.0016455 0.0021578 0.0028067 0.0022220 0.0007437 
Rockett-pt-8_19|2021-09-18 0.0061831 0.0061831 0.0061831 0.0000000 0.0124223 0.0124223 0.0145159 0.0145159 0.3314031 
Rockett-pt-8_24|2021-09-23 0.0016417 0.0016417 0.0016455 0.0124223 0.0000000 0.0000010 0.0007005 0.0005535 0.0029700 
Rockett-pt-8_30|2021-09-29 0.0021511 0.0021511 0.0021578 0.0124223 0.0000010 0.0000000 0.0008429 0.0007232 0.0043759 
Rockett-pt-8_33|2021-10-02 0.0028067 0.0028067 0.0028067 0.0145159 0.0007005 0.0008429 0.0000000 0.0000010 0.0052933 
Rockett-pt-8_34|2021-10-03 0.0022168 0.0022168 0.0022220 0.0145159 0.0005535 0.0007232 0.0000010 0.0000000 0.0037768 
Rockett-pt-8_31|2021-09-30 0.0007413 0.0007413 0.0007437 0.3314031 0.0029700 0.0043759 0.0052933 0.0037768 0.0000000 
