22
NC_045512.2|2019-12-30        0.0000000 1.2934580 1.7644759 1.7965585 1.7657388 1.8443373 1.7335027 1.7129098 1.7220304 1.2709825 1.5157082 1.7853593 1.6818628 2.3196336 1.7136839 1.8748538 1.8529613 1.7279654 1.7862903 1.7103527 2.2447290 2.1251018 
Khatamzas-pt-1_0|2020-05-11   1.2934580 0.0000000 1.4828544 1.5590506 1.5532027 1.6388802 1.5156006 1.5520515 1.1135464 0.2122142 0.2401401 0.7459762 1.2547975 3.1607849 0.6021283 1.6490886 1.4745220 0.9958778 1.4758985 1.2624907 2.4645178 2.1823494 
Khatamzas-pt-1_112|2020-08-31 1.7644759 1.4828544 0.0000000 0.0000027 0.3322279 0.0000026 0.5838552 0.8628297 1.4288798 1.4139910 1.0359384 1.3423159 1.3886309 1.9775483 0.2612667 0.6567517 0.4845559 0.1398141 0.1168781 0.1504957 2.8663584 4.8215315 
Khatamzas-pt-1_122|2020-09-10 1.7965585 1.5590506 0.0000027 0.0000000 0.5786223 0.0000029 0.8695408 1.1452865 1.4786644 1.4759938 1.1424496 1.0748053 1.1902827 1.4549981 0.6406694 0.8187095 0.6081454 0.4185825 0.2664483 0.5017575 0.2664483 0.0000027 
Khatamzas-pt-1_129|2020-09-17 1.7657388 1.5532027 0.3322279 0.5786223 0.0000000 0.1479064 0.1467009 0.7440506 1.4850362 1.4840327 1.2236793 1.4801374 1.4819454 1.8946022 0.7304659 1.0568169 1.0971987 0.6598966 0.5259312 0.7229045 2.1915595 2.1759242 
Khatamzas-pt-1_136|2020-09-24 1.8443373 1.6388802 0.0000026 0.0000029 0.1479064 0.0000000 0.0000023 0.0000024 1.5235810 1.5317199 1.1999771 1.1392389 1.5444138 2.3275296 0.3845349 0.8999129 0.8141590 0.2161565 0.1649574 0.2427053 0.3998840 0.4013592 
Khatamzas-pt-1_147|2020-10-05 1.7335027 1.5156006 0.5838552 0.8695408 0.1467009 0.0000023 0.0000000 0.0000023 1.4696565 1.4660144 1.2309495 1.1977300 1.2567175 1.4459186 0.9238190 0.8190362 0.8972162 0.9066140 0.7568256 0.9658714 0.5754764 0.5767454 
Khatamzas-pt-1_149|2020-10-07 1.7129098 1.5520515 0.8628297 1.1452865 0.7440506 0.0000024 0.0000023 0.0000000 1.5028496 1.5045570 1.3457551 1.3333935 1.3564066 1.5114067 1.0094122 1.1057335 1.1932904 0.9499813 0.8586213 0.9867528 1.5278702 1.5237305 
Khatamzas-pt-1_15|2020-05-26  1.7220304 1.1135464 1.4288798 1.4786644 1.4850362 1.5235810 1.4696565 1.5028496 0.0000000 1.1452691 0.7443507 1.1458926 1.2935005 1.8933908 1.0559021 1.5107129 1.4025902 1.2012094 1.4190515 1.3005860 1.9660558 1.8757844 
Khatamzas-pt-1_22|2020-06-02  1.2709825 0.2122142 1.4139910 1.4759938 1.4840327 1.5317199 1.4660144 1.5045570 1.1452691 0.0000000 0.4763089 0.9583660 1.2398603 2.1231246 0.8479129 1.5167569 1.3690360 1.0801156 1.3993697 1.2437439 2.1021469 1.9618590 
Khatamzas-pt-1_28|2020-06-08  1.5157082 0.2401401 1.0359384 1.1424496 1.2236793 1.1999771 1.2309495 1.3457551 0.7443507 0.4763089 0.0000000 0.2092324 0.7461678 1.6901236 0.1172196 1.0743802 0.6549780 0.2907965 0.9403855 0.6654471 1.9959526 1.8347831 
Khatamzas-pt-1_36|2020-06-16  1.7853593 0.7459762 1.3423159 1.0748053 1.4801374 1.1392389 1.1977300 1.3333935 1.1458926 0.9583660 0.2092324 0.0000000 0.9609360 2.6325432 0.1321784 1.5547110 1.0159388 0.1349785 0.8161329 0.4984507 2.1363983 2.3317712 
Khatamzas-pt-1_45|2020-06-23  1.6818628 1.2547975 1.3886309 1.1902827 1.4819454 1.5444138 1.2567175 1.3564066 1.2935005 1.2398603 0.7461678 0.9609360 0.0000000 0.4769265 0.2508989 0.6192982 0.3828246 0.2903024 1.0291505 0.7993237 1.5299104 1.5161189 
Khatamzas-pt-1_49|2020-06-29  2.3196336 3.1607849 1.9775483 1.4549981 1.8946022 2.3275296 1.4459186 1.5114067 1.8933908 2.1231246 1.6901236 2.6325432 0.4769265 0.0000000 0.1321851 0.7994524 0.2813797 0.1555174 1.1963954 0.6674852 2.3787200 1.9883675 
Khatamzas-pt-1_56|2020-07-06  1.7136839 0.6021283 0.2612667 0.6406694 0.7304659 0.3845349 0.9238190 1.0094122 1.0559021 0.8479129 0.1172196 0.1321784 0.2508989 0.1321851 0.0000000 0.0000022 0.0000022 0.0000022 0.1204039 0.1560804 1.1495784 1.3493005 
Khatamzas-pt-1_57|2020-07-07  1.8748538 1.6490886 0.6567517 0.8187095 1.0568169 0.8999129 0.8190362 1.1057335 1.5107129 1.5167569 1.0743802 1.5547110 0.6192982 0.7994524 0.0000022 0.0000000 0.0000021 0.0000021 0.2409293 0.3159883 0.8163343 1.0809532 
Khatamzas-pt-1_59|2020-07-09  1.8529613 1.4745220 0.4845559 0.6081454 1.0971987 0.8141590 0.8972162 1.1932904 1.4025902 1.3690360 0.6549780 1.0159388 0.3828246 0.2813797 0.0000022 0.0000021 0.0000000 0.0000026 0.1172195 0.1510024 1.0491459 1.3025730 
Khatamzas-pt-1_63|2020-07-13  1.7279654 0.9958778 0.1398141 0.4185825 0.6598966 0.2161565 0.9066140 0.9499813 1.2012094 1.0801156 0.2907965 0.1349785 0.2903024 0.1555174 0.0000022 0.0000021 0.0000026 0.0000000 0.0000021 0.0000022 0.3596131 0.8228163 
Khatamzas-pt-1_66|2020-07-16  1.7862903 1.4758985 0.1168781 0.2664483 0.5259312 0.1649574 0.7568256 0.8586213 1.4190515 1.3993697 0.9403855 0.8161329 1.0291505 1.1963954 0.1204039 0.2409293 0.1172195 0.0000021 0.0000000 0.0000026 0.2819634 0.6536233 
Khatamzas-pt-1_73|2020-07-23  1.7103527 1.2624907 0.1504957 0.5017575 0.7229045 0.2427053 0.9658714 0.9867528 1.3005860 1.2437439 0.6654471 0.4984507 0.7993237 0.6674852 0.1560804 0.3159883 0.1510024 0.0000022 0.0000026 0.0000000 0.4022768 0.9040175 
Khatamzas-pt-1_78|2020-07-28  2.2447290 2.4645178 2.8663584 0.2664483 2.1915595 0.3998840 0.5754764 1.5278702 1.9660558 2.1021469 1.9959526 2.1363983 1.5299104 2.3787200 1.1495784 0.8163343 1.0491459 0.3596131 0.2819634 0.4022768 0.0000000 0.1909813 
Khatamzas-pt-1_92|2020-08-11  2.1251018 2.1823494 4.8215315 0.0000027 2.1759242 0.4013592 0.5767454 1.5237305 1.8757844 1.9618590 1.8347831 2.3317712 1.5161189 1.9883675 1.3493005 1.0809532 1.3025730 0.8228163 0.6536233 0.9040175 0.1909813 0.0000000 
