30
Chaguza-pt-1|2021-09-13 0.0000000 0.1517197 0.1344980 0.1344980 0.1606498 0.0401903 0.0402300 0.0194719 0.0628195 0.0000021 1.0511936 0.9758971 1.0821859 0.0220590 0.0404342 0.0404343 0.0194435 0.0000021 0.0000021 0.3413844 0.2085583 0.2926090 0.0392296 0.0810266 0.0206312 0.0717388 0.5245453 0.6910537 0.9395196 0.0676251 
Chaguza-pt-1|2021-09-27 0.1517197 0.0000000 0.3378409 0.3378409 0.3695366 0.2332184 0.1242485 0.2026532 0.2963086 0.4428305 0.6984069 0.6682897 0.7666923 0.2615169 0.3784768 0.3531057 0.3369593 0.4426582 0.5143104 0.0444623 0.0000021 0.0824325 0.0000028 0.0194452 0.4873991 0.7659121 0.2709484 0.8261615 1.0195360 0.6413422 
Chaguza-pt-1|2021-02-08 0.1344980 0.3378409 0.0000000 0.0000010 0.0189355 0.0191331 0.1601407 0.1060841 0.1614087 0.4485915 1.2490285 1.1751358 1.2758958 0.1480825 0.3765583 0.3482866 0.3308615 0.4483966 0.5982430 0.7195718 0.5801212 0.6885471 0.2058593 0.2830540 0.5114068 0.9731730 0.8174861 0.8985463 1.1049549 0.7493987 
Chaguza-pt-1|2021-02-18 0.1344980 0.3378409 0.0000010 0.0000000 0.0189355 0.0191331 0.1601407 0.1060841 0.1614087 0.4485915 1.2490285 1.1751358 1.2758958 0.1480825 0.3765583 0.3482866 0.3308615 0.4483966 0.5982430 0.7195718 0.5801212 0.6885471 0.2058593 0.2830540 0.5114068 0.9731730 0.8174861 0.8985463 1.1049549 0.7493987 
Chaguza-pt-1|2021-02-26 0.1606498 0.3695366 0.0189355 0.0189355 0.0000000 0.0193275 0.1621717 0.1073418 0.1890637 0.4298261 1.2517807 1.1801272 1.2843970 0.1499788 0.3342489 0.3344100 0.3188573 0.4296483 0.5636288 0.7446414 0.6118576 0.7136424 0.2331198 0.3111645 0.4857661 0.8848644 0.8338739 0.8974734 1.1116559 0.7042331 
Chaguza-pt-1|2021-03-05 0.0401903 0.2332184 0.0191331 0.0191331 0.0193275 0.0000000 0.0828218 0.0000027 0.0398593 0.2738135 1.0800178 1.0200442 1.1034309 0.0667078 0.2041236 0.1799949 0.1738348 0.2736948 0.3661952 0.5718243 0.4352606 0.5495978 0.1248127 0.1934875 0.3072692 0.6080111 0.6988134 0.7437966 0.9869014 0.5080978 
Chaguza-pt-1|2021-04-05 0.0402300 0.1242485 0.1601407 0.1601407 0.1621717 0.0828218 0.0000000 0.0601165 0.1081265 0.3218888 0.8766020 0.8293132 0.9123719 0.0684616 0.2464203 0.2197761 0.2110794 0.3217405 0.4381837 0.2268458 0.1902986 0.2783796 0.1052860 0.1751016 0.3657261 0.7875037 0.4076288 0.6550446 0.8947541 0.5977520 
Chaguza-pt-1|2021-05-03 0.0194719 0.2026532 0.1060841 0.1060841 0.1073418 0.0000027 0.0601165 0.0000000 0.0000023 0.2774661 1.1091204 1.0451319 1.1338228 0.0430500 0.2066022 0.1820808 0.1757398 0.2773439 0.3730765 0.5258484 0.3915886 0.5065867 0.0799487 0.1667973 0.3121187 0.6306038 0.6611326 0.7145751 0.9564117 0.5195185 
Chaguza-pt-1|2021-05-24 0.0628195 0.2963086 0.1614087 0.1614087 0.1890637 0.0398593 0.1081265 0.0000023 0.0000000 0.3520779 1.2171596 1.1479032 1.2426613 0.0931292 0.2767177 0.2494045 0.2389338 0.3519171 0.4773870 0.6550279 0.5186715 0.6282039 0.1520191 0.2484397 0.3998666 0.8204146 0.7644880 0.8344881 1.0497512 0.6356949 
Chaguza-pt-1|2021-06-28 0.0000021 0.4428305 0.4485915 0.4485915 0.4298261 0.2738135 0.3218888 0.2774661 0.3520779 0.0000000 1.2748539 1.2174703 1.2950687 0.1680412 0.1027751 0.1028205 0.0000029 0.0000010 0.0000022 0.8639605 0.7718631 0.8365321 0.1867504 0.3993368 0.0204777 0.1082527 0.9131916 0.9853113 1.1339394 0.1180314 
Chaguza-pt-1|2022-02-10 1.0511936 0.6984069 1.2490285 1.2490285 1.2517807 1.0800178 0.8766020 1.1091204 1.2171596 1.2748539 0.0000000 0.1409010 0.1883730 1.2131282 1.3228376 1.3303572 1.2597093 1.2746526 1.4384989 0.9122630 0.8223028 0.5212271 0.6315362 0.4672402 1.3716139 1.4979641 0.2445715 1.3738157 1.4375892 1.4295307 
Chaguza-pt-1|2022-02-23 0.9758971 0.6682897 1.1751358 1.1751358 1.1801272 1.0200442 0.8293132 1.0451319 1.1479032 1.2174703 0.1409010 0.0000000 0.0000021 1.1444714 1.2555115 1.2604713 1.1972878 1.2172823 1.3690216 0.8496308 0.7867502 0.4724571 0.5852865 0.4419498 1.3057849 1.5116478 0.2367563 1.3102274 1.4359215 1.3653708 
Chaguza-pt-1|2022-03-07 1.0821859 0.7666923 1.2758958 1.2758958 1.2843970 1.1034309 0.9123719 1.1338228 1.2426613 1.2950687 0.1883730 0.0000021 0.0000000 1.2382213 1.3459018 1.3544898 1.2820068 1.2948648 1.4609748 0.9890173 0.8987463 0.5458275 0.6853704 0.5218480 1.3923397 1.6200300 0.2904221 1.3729597 1.5201553 1.3915445 
Chaguza-pt-1|2021-04-19 0.0220590 0.2615169 0.1480825 0.1480825 0.1499788 0.0667078 0.0684616 0.0430500 0.0931292 0.1680412 1.2131282 1.1444714 1.2382213 0.0000000 0.0938498 0.0695166 0.0674357 0.1679581 0.2071443 0.5224567 0.4481766 0.6278207 0.1389752 0.2400487 0.2264879 0.6406684 0.7638143 0.8217037 1.0408318 0.4004962 
Chaguza-pt-1|2021-06-01 0.0404342 0.3784768 0.3765583 0.3765583 0.3342489 0.2041236 0.2464203 0.2066022 0.2767177 0.1027751 1.3228376 1.2555115 1.3459018 0.0938498 0.0000000 0.0000022 0.0000029 0.1027298 0.1503693 0.8558225 0.7479289 0.8248634 0.1934127 0.3405888 0.1420362 0.4162578 0.9127987 0.9908477 1.1619534 0.2775213 
Chaguza-pt-1|2021-06-14 0.0404343 0.3531057 0.3482866 0.3482866 0.3344100 0.1799949 0.2197761 0.1820808 0.2494045 0.1028205 1.3303572 1.2604713 1.3544898 0.0695166 0.0000022 0.0000000 0.0000029 0.1027751 0.1504488 0.8456289 0.7319116 0.8137628 0.1934127 0.3181152 0.1421074 0.4165836 0.9066674 0.9910810 1.1621605 0.2776708 
Chaguza-pt-1|2021-06-21 0.0194435 0.3369593 0.3308615 0.3308615 0.3188573 0.1738348 0.2110794 0.1757398 0.2389338 0.0000029 1.2597093 1.1972878 1.2820068 0.0674357 0.0000029 0.0000029 0.0000000 0.0000029 0.0221753 0.7950654 0.6863957 0.7669015 0.1651519 0.3057758 0.0426844 0.1559228 0.8631132 0.9363474 1.1063380 0.1488671 
Chaguza-pt-1|2021-07-12 0.0000021 0.4426582 0.4483966 0.4483966 0.4296483 0.2736948 0.3217405 0.2773439 0.3519171 0.0000010 1.2746526 1.2172823 1.2948648 0.1679581 0.1027298 0.1027751 0.0000029 0.0000000 0.0000022 0.8637509 0.7716441 0.8363294 0.1866726 0.3991954 0.0204684 0.1081696 0.9130196 0.9851147 1.1337619 0.1179723 
Chaguza-pt-1|2021-07-25 0.0000021 0.5143104 0.5982430 0.5982430 0.5636288 0.3661952 0.4381837 0.3730765 0.4773870 0.0000022 1.4384989 1.3690216 1.4609748 0.2071443 0.1503693 0.1504488 0.0221753 0.0000022 0.0000000 0.8720982 0.8451662 0.9302022 0.2157794 0.4559908 0.0237323 0.1422727 1.0446630 1.1395873 1.2753367 0.1399964 
Chaguza-pt-1|2021-08-29 0.3413844 0.0444623 0.7195718 0.7195718 0.7446414 0.5718243 0.2268458 0.5258484 0.6550279 0.8639605 0.9122630 0.8496308 0.9890173 0.5224567 0.8558225 0.8456289 0.7950654 0.8637509 0.8720982 0.0000000 0.0212430 0.1499859 0.0695253 0.0970519 0.9482921 1.2481251 0.2976614 1.0362464 1.1866570 1.1051532 
Chaguza-pt-1|2021-09-08 0.2085583 0.0000021 0.5801212 0.5801212 0.6118576 0.4352606 0.1902986 0.3915886 0.5186715 0.7718631 0.8223028 0.7867502 0.8987463 0.4481766 0.7479289 0.7319116 0.6863957 0.7716441 0.8451662 0.0212430 0.0000000 0.0931235 0.0217150 0.0452478 0.8558791 1.1696809 0.3073744 0.9612907 1.1296847 1.0313841 
Chaguza-pt-1|2021-10-04 0.2926090 0.0824325 0.6885471 0.6885471 0.7136424 0.5495978 0.2783796 0.5065867 0.6282039 0.8365321 0.5212271 0.4724571 0.5458275 0.6278207 0.8248634 0.8137628 0.7669015 0.8363294 0.9302022 0.1499859 0.0931235 0.0000000 0.0401198 0.0192595 0.8589115 1.0558458 0.1852722 1.0065975 1.1593751 1.0134233 
Chaguza-pt-1|2021-10-12 0.0392296 0.0000028 0.2058593 0.2058593 0.2331198 0.1248127 0.1052860 0.0799487 0.1520191 0.1867504 0.6315362 0.5852865 0.6853704 0.1389752 0.1934127 0.1934127 0.1651519 0.1866726 0.2157794 0.0695253 0.0217150 0.0401198 0.0000000 0.0195126 0.2046411 0.3937611 0.1987430 0.7484477 0.9554154 0.2938086 
Chaguza-pt-1|2021-10-19 0.0810266 0.0194452 0.2830540 0.2830540 0.3111645 0.1934875 0.1751016 0.1667973 0.2484397 0.3993368 0.4672402 0.4419498 0.5218480 0.2400487 0.3405888 0.3181152 0.3057758 0.3991954 0.4559908 0.0970519 0.0452478 0.0192595 0.0195126 0.0000000 0.4012084 0.6326349 0.1217514 0.8005089 0.9883006 0.5672950 
Chaguza-pt-1|2021-11-03 0.0206312 0.4873991 0.5114068 0.5114068 0.4857661 0.3072692 0.3657261 0.3121187 0.3998666 0.0204777 1.3716139 1.3057849 1.3923397 0.2264879 0.1420362 0.1421074 0.0426844 0.0204684 0.0237323 0.9482921 0.8558791 0.8589115 0.2046411 0.4012084 0.0000000 0.0000027 0.9834183 1.0693852 1.2144610 0.0239230 
Chaguza-pt-1|2021-11-09 0.0717388 0.7659121 0.9731730 0.9731730 0.8848644 0.6080111 0.7875037 0.6306038 0.8204146 0.1082527 1.4979641 1.5116478 1.6200300 0.6406684 0.4162578 0.4165836 0.1559228 0.1081696 0.1422727 1.2481251 1.1696809 1.0558458 0.3937611 0.6326349 0.0000027 0.0000000 1.1582045 1.4219259 1.4516020 0.0000027 
Chaguza-pt-1|2021-11-16 0.5245453 0.2709484 0.8174861 0.8174861 0.8338739 0.6988134 0.4076288 0.6611326 0.7644880 0.9131916 0.2445715 0.2367563 0.2904221 0.7638143 0.9127987 0.9066674 0.8631132 0.9130196 1.0446630 0.2976614 0.3073744 0.1852722 0.1987430 0.1217514 0.9834183 1.1582045 0.0000000 1.0521214 1.1810346 1.1085144 
Chaguza-pt-1|2021-12-27 0.6910537 0.8261615 0.8985463 0.8985463 0.8974734 0.7437966 0.6550446 0.7145751 0.8344881 0.9853113 1.3738157 1.3102274 1.3729597 0.8217037 0.9908477 0.9910810 0.9363474 0.9851147 1.1395873 1.0362464 0.9612907 1.0065975 0.7484477 0.8005089 1.0693852 1.4219259 1.0521214 0.0000000 0.9193067 1.1026668 
Chaguza-pt-1|2021-12-20 0.9395196 1.0195360 1.1049549 1.1049549 1.1116559 0.9869014 0.8947541 0.9564117 1.0497512 1.1339394 1.4375892 1.4359215 1.5201553 1.0408318 1.1619534 1.1621605 1.1063380 1.1337619 1.2753367 1.1866570 1.1296847 1.1593751 0.9554154 0.9883006 1.2144610 1.4516020 1.1810346 0.9193067 0.0000000 1.2305811 
Chaguza-pt-1|2021-12-07 0.0676251 0.6413422 0.7493987 0.7493987 0.7042331 0.5080978 0.5977520 0.5195185 0.6356949 0.1180314 1.4295307 1.3653708 1.3915445 0.4004962 0.2775213 0.2776708 0.1488671 0.1179723 0.1399964 1.1051532 1.0313841 1.0134233 0.2938086 0.5672950 0.0239230 0.0000027 1.1085144 1.1026668 1.2305811 0.0000000 
