15
Kemp-pt-1|2020-01-01 0.0000000 8.9999984 1.0599049 0.0000010 1.0599049 1.2788024 1.0591762 6.7537986 1.3858563 1.7849883 2.1523999 1.8017695 8.9999984 8.9999984 8.9999987 
Kemp-pt-1|2020-04-10 8.9999984 0.0000000 7.9486861 8.9999984 7.9486861 8.9999985 7.9637463 2.6213691 2.8475761 2.7178883 2.6652231 2.3008663 0.0000010 1.2883175 1.2923351 
Kemp-pt-1|2020-02-06 1.0599049 7.9486861 0.0000000 1.0599049 0.0000010 1.0692959 1.2746830 3.5301736 1.4074659 1.7459945 2.1007819 1.7781624 7.9486861 7.9337249 8.9999983 
Kemp-pt-1|2020-02-10 0.0000010 8.9999984 1.0599049 0.0000000 1.0599049 1.2788024 1.0591762 6.7537986 1.3858563 1.7849883 2.1523999 1.8017695 8.9999984 8.9999984 8.9999987 
Kemp-pt-1|2020-02-14 1.0599049 7.9486861 0.0000010 1.0599049 0.0000000 1.0692959 1.2746830 3.5301736 1.4074659 1.7459945 2.1007819 1.7781624 7.9486861 7.9337249 8.9999983 
Kemp-pt-1|2020-02-19 1.2788024 8.9999985 1.0692959 1.2788024 1.0692959 0.0000000 1.3500223 7.1849843 1.4229828 1.7164893 2.0563201 1.7580190 8.9999985 8.9999985 8.9999984 
Kemp-pt-1|2020-03-06 1.0591762 7.9637463 1.2746830 1.0591762 1.2746830 1.3500223 0.0000000 3.5320092 1.3499373 1.8383315 2.1008643 1.7782009 7.9637463 7.9486861 8.9999983 
Kemp-pt-1|2020-03-22 6.7537986 2.6213691 3.5301736 6.7537986 3.5301736 7.1849843 3.5320092 0.0000000 2.2469599 2.3210951 2.4397897 2.1024708 2.6213691 2.6200628 2.6033176 
Kemp-pt-1|2020-03-26 1.3858563 2.8475761 1.4074659 1.3858563 1.4074659 1.4229828 1.3499373 2.2469599 0.0000000 2.2681689 1.9853439 1.7252085 2.8475761 2.8470374 4.2374945 
Kemp-pt-1|2020-03-29 1.7849883 2.7178883 1.7459945 1.7849883 1.7459945 1.7164893 1.8383315 2.3210951 2.2681689 0.0000000 2.0480006 1.8204372 2.7178883 2.7175701 3.3041744 
Kemp-pt-1|2020-04-02 2.1523999 2.6652231 2.1007819 2.1523999 2.1007819 2.0563201 2.1008643 2.4397897 1.9853439 2.0480006 0.0000000 8.9999984 2.6652231 2.6650554 2.9150642 
Kemp-pt-1|2020-04-04 1.8017695 2.3008663 1.7781624 1.8017695 1.7781624 1.7580190 1.7782009 2.1024708 1.7252085 1.8204372 8.9999984 0.0000000 2.3008663 2.3007523 2.4631590 
Kemp-pt-1|2020-04-07 8.9999984 0.0000010 7.9486861 8.9999984 7.9486861 8.9999985 7.9637463 2.6213691 2.8475761 2.7178883 2.6652231 2.3008663 0.0000000 1.2883175 1.2923351 
Kemp-pt-1|2020-04-08 8.9999984 1.2883175 7.9337249 8.9999984 7.9337249 8.9999985 7.9486861 2.6200628 2.8470374 2.7175701 2.6650554 2.3007523 1.2883175 0.0000000 1.2925120 
Kemp-pt-1|2020-04-09 8.9999987 1.2923351 8.9999983 8.9999987 8.9999983 8.9999984 8.9999983 2.6033176 4.2374945 3.3041744 2.9150642 2.4631590 1.2923351 1.2925120 0.0000000 
