15
Gandhi-pt-1|2020-01-01 0.0000000 1.7725139 1.9465325 1.9465325 1.8347510 2.1218887 2.0363242 2.8653658 2.3982035 2.1319132 3.4218460 1.8348210 2.8653658 1.8741129 1.9148803 
Gandhi-pt-1|2020-04-22 1.7725139 0.0000000 1.7477805 1.7477805 8.9999982 1.6999704 2.0529244 1.8596262 1.7407526 1.7963675 1.8875532 8.9999983 1.8596262 1.6099032 1.6064241 
Gandhi-pt-1|2020-04-23 1.9465325 1.7477805 0.0000000 0.0000010 1.7907556 1.7254708 1.9077459 2.5751585 2.1104882 2.2824525 2.5670163 1.7908013 2.5751585 1.8141023 1.8337133 
Gandhi-pt-1|2020-04-26 1.9465325 1.7477805 0.0000010 0.0000000 1.7907556 1.7254708 1.9077459 2.5751585 2.1104882 2.2824525 2.5670163 1.7908013 2.5751585 1.8141023 1.8337133 
Gandhi-pt-1|2020-04-29 1.8347510 8.9999982 1.7907556 1.7907556 0.0000000 2.0381162 1.7646907 1.8189903 1.6881838 1.7419731 1.8425895 8.9999985 1.8189903 1.6941007 1.7083191 
Gandhi-pt-1|2020-04-30 2.1218887 1.6999704 1.7254708 1.7254708 2.0381162 0.0000000 2.8867355 1.8540625 1.7107964 2.1031341 1.8855974 2.0386055 1.8540625 1.7059004 1.7246124 
Gandhi-pt-1|2020-05-02 2.0363242 2.0529244 1.9077459 1.9077459 1.7646907 2.8867355 0.0000000 1.9312514 1.7834346 1.8833552 1.9740494 2.3936147 1.9312514 1.8643846 1.9311821 
Gandhi-pt-1|2020-05-03 2.8653658 1.8596262 2.5751585 2.5751585 1.8189903 1.8540625 1.9312514 0.0000000 2.1263083 2.6596370 1.9277558 1.9008242 0.0000010 1.9298708 1.9595961 
Gandhi-pt-1|2020-05-04 2.3982035 1.7407526 2.1104882 2.1104882 1.6881838 1.7107964 1.7834346 2.1263083 0.0000000 2.2296569 2.4693779 1.7940663 2.1263083 1.8237567 1.8505304 
Gandhi-pt-1|2020-05-06 2.1319132 1.7963675 2.2824525 2.2824525 1.7419731 2.1031341 1.8833552 2.6596370 2.2296569 0.0000000 3.0672745 1.8517770 2.6596370 1.8878222 1.9249587 
Gandhi-pt-1|2020-05-07 3.4218460 1.8875532 2.5670163 2.5670163 1.8425895 1.8855974 1.9740494 1.9277558 2.4693779 3.0672745 0.0000000 1.9332756 1.9277558 1.9679391 2.0057185 
Gandhi-pt-1|2020-05-08 1.8348210 8.9999983 1.7908013 1.7908013 8.9999985 2.0386055 2.3936147 1.9008242 1.7940663 1.8517770 1.9332756 0.0000000 1.9008242 1.6941788 1.7084159 
Gandhi-pt-1|2020-05-11 2.8653658 1.8596262 2.5751585 2.5751585 1.8189903 1.8540625 1.9312514 0.0000010 2.1263083 2.6596370 1.9277558 1.9008242 0.0000000 1.9298708 1.9595961 
Gandhi-pt-1|2020-05-14 1.8741129 1.6099032 1.8141023 1.8141023 1.6941007 1.7059004 1.8643846 1.9298708 1.8237567 1.8878222 1.9679391 1.6941788 1.9298708 0.0000000 1.3402364 
Gandhi-pt-1|2020-05-21 1.9148803 1.6064241 1.8337133 1.8337133 1.7083191 1.7246124 1.9311821 1.9595961 1.8505304 1.9249587 2.0057185 1.7084159 1.9595961 1.3402364 0.0000000 
