15
Gandhi-pt-1|2020-01-01 0.0000000 1.7757449 1.9521828 1.9521828 1.8382543 2.1327244 2.0419403 2.8955235 2.4152173 2.1349857 3.4707730 1.8383246 2.8955235 1.8784258 1.9200126 
Gandhi-pt-1|2020-04-22 1.7757449 0.0000000 1.7477160 1.7477160 8.9999984 1.7022817 2.0551881 1.8623235 1.7408172 1.7964249 1.8904577 8.9999984 1.8623235 1.6100119 1.6066024 
Gandhi-pt-1|2020-04-23 1.9521828 1.7477160 0.0000000 0.0000010 1.7908695 1.7252185 1.9083955 2.5932271 2.1139205 2.2924734 2.5870909 1.7909151 2.5932271 1.8145186 1.8342339 
Gandhi-pt-1|2020-04-26 1.9521828 1.7477160 0.0000010 0.0000000 1.7908695 1.7252185 1.9083955 2.5932271 2.1139205 2.2924734 2.5870909 1.7909151 2.5932271 1.8145186 1.8342339 
Gandhi-pt-1|2020-04-29 1.8382543 8.9999984 1.7908695 1.7908695 0.0000000 2.0431527 1.7649239 1.8214737 1.6880725 1.7418078 1.8452395 8.9999983 1.8214737 1.6944325 1.7087843 
Gandhi-pt-1|2020-04-30 2.1327244 1.7022817 1.7252185 1.7252185 2.0431527 0.0000000 2.9068834 1.8569285 1.7106475 2.1090248 1.8887163 2.0436468 1.8569285 1.7062596 1.7251331 
Gandhi-pt-1|2020-05-02 2.0419403 2.0551881 1.9083955 1.9083955 1.7649239 2.9068834 0.0000000 1.9346753 1.7833910 1.8837021 1.9778607 2.4007888 1.9346753 1.8651007 1.9323560 
Gandhi-pt-1|2020-05-03 2.8955235 1.8623235 2.5932271 2.5932271 1.8214737 1.8569285 1.9346753 0.0000000 2.1380306 2.6812886 1.9305860 1.9037710 0.0000010 1.9333359 1.9635035 
Gandhi-pt-1|2020-05-04 2.4152173 1.7408172 2.1139205 2.1139205 1.6880725 1.7106475 1.7833910 2.1380306 0.0000000 2.2394786 2.4896620 1.7943564 2.1380306 1.8244519 1.8514098 
Gandhi-pt-1|2020-05-06 2.1349857 1.7964249 2.2924734 2.2924734 1.7418078 2.1090248 1.8837021 2.6812886 2.2394786 0.0000000 3.1019904 1.8521149 2.6812886 1.8886265 1.9260138 
Gandhi-pt-1|2020-05-07 3.4707730 1.8904577 2.5870909 2.5870909 1.8452395 1.8887163 1.9778607 1.9305860 2.4896620 3.1019904 0.0000000 1.9364801 1.9305860 1.9717606 2.0101050 
Gandhi-pt-1|2020-05-08 1.8383246 8.9999984 1.7909151 1.7909151 8.9999983 2.0436468 2.4007888 1.9037710 1.7943564 1.8521149 1.9364801 0.0000000 1.9037710 1.6945104 1.7088810 
Gandhi-pt-1|2020-05-11 2.8955235 1.8623235 2.5932271 2.5932271 1.8214737 1.8569285 1.9346753 0.0000010 2.1380306 2.6812886 1.9305860 1.9037710 0.0000000 1.9333359 1.9635035 
Gandhi-pt-1|2020-05-14 1.8784258 1.6100119 1.8145186 1.8145186 1.6944325 1.7062596 1.8651007 1.9333359 1.8244519 1.8886265 1.9717606 1.6945104 1.9333359 0.0000000 1.3420873 
Gandhi-pt-1|2020-05-21 1.9200126 1.6066024 1.8342339 1.8342339 1.7087843 1.7251331 1.9323560 1.9635035 1.8514098 1.9260138 2.0101050 1.7088810 1.9635035 1.3420873 0.0000000 
