10
NC_045512.2|2019-12-30 0.0000000 0.0154962 0.0164013 0.0155132 0.7816043 0.0192259 0.0238393 0.0165469 0.0248251 0.0239150 
Harari-pt-5|2020-10-06 0.0154962 0.0000000 0.0009033 0.0000010 0.2896844 0.0036302 0.0081798 0.0018232 0.0091142 0.0091212 
Harari-pt-5|2020-10-18 0.0164013 0.0009033 0.0000000 0.0009040 0.3254054 0.0045360 0.0090856 0.0027336 0.0100217 0.0100294 
Harari-pt-5|2020-10-26 0.0155132 0.0000010 0.0009040 0.0000000 0.2896844 0.0018145 0.0063594 0.0018211 0.0072887 0.0072943 
Harari-pt-5|2020-11-02 0.7816043 0.2896844 0.3254054 0.2896844 0.0000000 0.5025995 0.8297331 0.5763550 0.9021003 0.9021003 
Harari-pt-5|2020-11-05 0.0192259 0.0036302 0.0045360 0.0018145 0.5025995 0.0000000 0.0045375 0.0009114 0.0054600 0.0054641 
Harari-pt-5|2020-11-15 0.0238393 0.0081798 0.0090856 0.0063594 0.8297331 0.0045375 0.0000000 0.0000010 0.0009051 0.0009057 
Harari-pt-5|2020-11-19 0.0165469 0.0018232 0.0027336 0.0018211 0.5763550 0.0009114 0.0000010 0.0000000 0.0009116 0.0009130 
Harari-pt-5|2020-12-13 0.0248251 0.0091142 0.0100217 0.0072887 0.9021003 0.0054600 0.0009051 0.0009116 0.0000000 0.0000010 
Harari-pt-5|2020-12-20 0.0239150 0.0091212 0.0100294 0.0072943 0.9021003 0.0054641 0.0009057 0.0009130 0.0000010 0.0000000 
